176.279||1||0||9||20||0||
154.214||0||0||9||100||1||
304.415||0||0||9||100||0||
37.4237||1||0||9||100||0||
68.2529||1||0||9||90||0||
149.072||1||1||7||17||0||
80.0849||1||0||9||90||0||
23.8592||1||14||7||5||0||
86.6473||1||11||7||90||0||
334.451||0||0||9||100||1||
147.63||1||0||9||100||1||
118.708||1||0||9||70||1||
122.363||0||8||7||10||1||
245.845||0||11||7||100||0||
40.477||1||12||7||89||1||
28.8867||1||0||9||70||0||
23.7111||1||14||6||90||0||
66.6197||1||12||7||50||0||
91.261||1||0||9||20||1||
289.206||1||13||6||100||0||
254.68||0||8||7||10||1||
54.3984||1||13||7||97||1||
242.561||0||15||7||100||1||
231.266||0||15||7||90||1||
88.9675||0||15||7||90||1||
34.1214||1||11||6||70||0||
80.6905||1||0||9||80||0||
364.157||0||0||9||90||0||
131.372||1||0||9||100||0||
38.3097||1||10||7||80||0||
42.346||1||10||7||60||0||
83.4605||1||0||7||21||0||
213.131||1||0||9||49||1||
160.429||1||0||9||98||0||
275.98||0||7||6||10||1||
79.0405||0||0||9||20||0||
294.385||0||0||9||100||1||
109.221||1||13||7||90||0||
197.186||0||14||8||100||1||
34.4643||1||0||9||100||0||
77.5777||1||0||9||90||0||
128.608||1||0||9||100||0||
215.621||0||6||6||60||0||
134.022||1||9||7||29||0||
73.0592||1||0||9||50||1||
246.506||0||0||9||100||1||
92.5874||1||0||9||12||0||
59.421||1||0||9||18||0||
116.522||1||0||9||100||0||
120.863||1||2||7||2||1||
88.3324||1||0||9||90||0||
162.512||0||0||9||60||1||
168.382||1||8||7||61||0||
153.927||0||34||7||75||1||
165.642||1||7||7||29||0||
233.078||0||0||9||100||1||
198.97||0||0||9||50||1||
174.163||1||0||9||50||1||
125.023||0||0||9||10||1||
137.48||1||0||9||90||0||
247.669||1||0||9||30||0||
26.7195||1||9||8||83||0||
64.9017||1||7||7||39||0||
271.517||0||15||7||90||1||
178.571||1||14||7||100||0||
95.5396||1||10||7||50||1||
107.437||1||0||9||80||0||
125.485||0||10||7||20||1||
77.6011||1||0||9||100||1||
113.278||0||2||7||35||1||
180.635||0||15||7||100||1||
23.6607||1||0||9||23||0||
106.625||1||0||9||30||1||
120.044||1||0||9||80||0||
176.227||1||0||9||99||0||
37.184||1||0||9||17||0||
142.192||1||14||7||90||0||
65.9615||1||11||7||40||0||
23.3082||1||0||7||15||1||
69.5557||1||13||7||10||1||
81.2223||1||0||9||90||0||
177.064||0||0||9||98||0||
33.8444||1||10||7||60||0||
27.988||1||9||7||60||0||
117.748||0||8||7||10||1||
179.003||0||0||9||100||1||
111.445||1||9||7||40||0||
23.0508||1||0||9||100||0||
60.2625||0||3||7||17||1||
202.487||1||0||9||10||1||
288.579||0||14||8||100||1||
73.1186||1||14||7||99||0||
49.8191||1||10||7||40||0||
212.803||0||0||9||69||1||
22.3688||1||0||9||70||0||
109.043||1||0||9||10||0||
106.805||1||0||9||89||0||
306.764||0||7||6||10||1||
87.7684||1||11||7||90||1||
203.44||1||0||9||90||0||
232.493||0||5||8||59||0||
113.065||1||3||7||45||0||
205.694||0||0||9||100||1||
122.004||1||0||9||100||1||
38.9906||1||0||9||100||0||
211.142||1||0||9||60||0||
138.931||1||0||9||72||1||
123.255||1||0||9||90||0||
142.01||1||11||7||49||0||
104.625||1||0||9||39||1||
63.1316||1||0||9||90||0||
82.0431||1||0||9||50||1||
36.8245||1||0||9||100||0||
140.08||0||6||7||17||1||
118.837||1||6||7||40||1||
75.2173||1||0||9||100||0||
109.408||1||0||9||10||1||
85.6243||1||0||9||77||0||
36.0671||1||0||9||22||0||
82.8597||1||4||7||10||0||
43.6384||1||0||9||20||0||
198.497||1||0||9||40||0||
67.7813||1||0||9||40||1||
109.1||1||0||9||100||0||
50.807||1||0||9||100||0||
101.363||1||0||7||15||0||
220.962||0||0||9||100||1||
176.503||1||8||7||29||1||
54.0402||1||0||9||29||0||
127.089||1||0||7||17||0||
162.105||1||0||9||50||1||
97.996||1||0||9||60||0||
167.296||0||0||9||100||1||
150.259||0||0||9||100||0||
83.4945||1||0||9||90||0||
78.0502||1||5||7||20||0||
178.621||1||0||9||50||0||
114.736||1||0||9||10||0||
99.121||0||0||9||60||1||
233.452||0||4||8||59||0||
142.114||0||6||7||37||0||
71.5886||1||0||9||60||0||
55.3338||1||10||7||90||0||
81.9254||1||0||9||52||0||
23.9535||1||0||9||40||0||
108.065||1||3||6||40||0||
68.1843||1||0||9||100||1||
52.5303||1||0||9||40||1||
44.9943||1||0||9||40||0||
318.8||0||0||9||90||0||
68.2945||1||0||9||88||0||
100.264||1||4||7||18||1||
85.6551||0||0||9||100||0||
58.6727||1||0||9||50||0||
153.393||1||0||9||98||0||
157.761||1||0||9||30||0||
178.489||1||0||9||30||0||
130.541||0||15||7||15||1||
130.469||1||13||7||30||1||
71.567||1||0||9||62||1||
174.734||1||14||7||90||1||
56.368||1||12||7||89||0||
114.63||1||12||7||90||0||
94.1432||1||10||7||50||0||
112.013||1||13||7||90||0||
121.297||1||12||7||70||0||
117.746||0||0||9||68||0||
111.841||1||7||7||29||0||
116.6||1||10||7||20||1||
115.421||1||0||9||82||1||
235.789||0||0||9||100||1||
170.597||0||0||9||100||1||
63.6655||0||3||7||17||1||
53.4346||1||13||7||90||0||
64.3694||1||0||9||90||1||
112.434||1||6||7||40||1||
43.6441||1||0||9||100||0||
138.861||0||0||9||100||1||
23.1233||1||11||7||79||0||
74.1018||1||0||9||50||0||
58.7642||1||0||9||18||1||
23.4905||1||11||8||97||1||
22.8048||1||12||7||79||0||
157.072||0||0||9||10||1||
108.549||1||9||7||39||0||
84.1692||1||0||9||2||0||
256.439||0||11||7||100||0||
95.8553||0||0||9||100||1||
62.7759||1||0||9||80||0||
167.444||1||8||7||29||1||
124.816||1||0||9||78||0||
22.7848||1||9||7||6||0||
88.8935||0||0||9||20||0||
196.895||1||0||9||90||0||
144.044||1||0||9||30||1||
66.4308||1||10||7||90||1||
142.37||1||0||9||50||1||
246.488||0||15||7||100||1||
312.047||0||0||9||50||1||
81.2585||1||0||9||20||0||
51.816||1||8||7||49||0||
137.699||1||0||9||98||0||
56.3492||1||11||7||67||0||
120.865||0||0||9||100||1||
106.025||1||0||9||49||0||
177.075||0||0||9||58||1||
116.469||1||13||7||90||0||
154.611||1||0||9||50||1||
115.233||1||4||7||12||1||
257.626||0||0||9||100||1||
115.489||0||0||9||80||1||
224.493||0||15||6||100||1||
66.7973||1||0||9||80||0||
181.659||0||0||9||92||1||
109.768||1||9||7||19||1||
289.526||0||0||9||100||1||
234.166||0||7||6||10||1||
273.941||1||0||9||50||1||
78.12||1||0||9||57||0||
69.8936||1||0||9||88||0||
66.3818||0||5||7||28||1||
153.34||0||0||9||100||1||
51.932||1||0||9||14||1||
64.5626||1||8||7||30||0||
130.247||1||14||7||100||0||
172.284||0||8||7||42||1||
156.257||0||0||9||97||1||
164.999||1||0||9||70||1||
58.5917||1||0||9||48||0||
270.25||0||0||9||100||1||
224.452||0||0||9||100||1||
88.0897||1||0||9||42||0||
34.8741||1||0||9||26||0||
170.495||0||0||9||90||1||
130.091||1||0||9||40||1||
143.033||1||0||9||10||0||
60.6214||1||6||7||29||0||
161.12||0||0||9||100||1||
151.407||0||8||7||50||0||
147.133||1||10||7||39||0||
128.404||1||14||7||100||0||
51.8747||1||0||9||15||0||
63.236||1||0||9||50||0||
285.07||0||0||9||100||1||
117.231||1||8||7||20||0||
74.1459||1||0||9||9||0||
204.55||1||0||9||50||1||
134.999||1||2||7||17||1||
226.731||0||0||9||100||1||
113.807||1||0||9||100||1||
61.3726||1||11||7||60||0||
137.633||1||0||9||50||0||
91.2744||1||0||9||39||0||
55.2435||1||6||7||29||1||
112.365||1||0||9||60||1||
71.9863||1||0||9||30||1||
138.303||1||0||9||80||0||
42.9712||1||0||9||80||0||
109.277||1||0||9||69||1||
73.1624||0||0||9||20||1||
100.603||0||14||7||90||1||
134.006||1||0||9||30||0||
112.124||1||0||9||20||0||
112.402||1||7||6||20||0||
180.207||1||0||9||50||1||
66.7672||0||14||7||69||0||
40.4856||1||0||9||90||0||
75.7893||1||0||9||87||1||
411.601||0||0||9||100||0||
24.5288||1||0||7||16||1||
73.0848||1||2||7||66||0||
262.816||1||0||9||80||0||
32.4495||1||0||9||20||0||
40.0525||0||0||9||70||0||
47.1931||1||12||7||67||0||
66.3002||1||7||7||10||1||
108.511||1||0||9||80||0||
282.24||1||13||6||100||0||
23.7337||1||0||9||40||1||
124.028||1||0||9||100||0||
23.8965||1||1||7||66||0||
49.0167||1||0||9||90||0||
23.3649||1||0||9||11||1||
205.965||0||0||9||100||1||
81.9913||1||4||7||20||0||
145.17||1||0||9||100||0||
106.625||1||0||9||20||0||
38.2646||1||13||7||60||0||
76.0292||1||0||9||90||0||
115.806||1||0||9||10||0||
41.4579||1||0||7||56||0||
270.803||0||0||9||100||1||
79.6201||1||0||9||90||0||
131.73||1||13||7||99||0||
373.605||0||0||9||100||1||
167.866||1||0||9||90||0||
195.974||0||0||9||100||1||
128.674||1||0||9||90||0||
165.538||1||0||9||98||1||
64.8842||0||0||9||60||1||
92.8643||1||0||9||50||0||
100.945||1||12||7||79||0||
89.7734||0||13||7||90||0||
245.218||0||15||6||100||1||
67.2004||1||0||9||100||0||
79.355||1||11||7||40||0||
78.3469||1||6||7||30||0||
240.679||0||0||9||100||1||
285.313||0||0||9||39||0||
80.9244||1||0||9||70||0||
78.5273||0||0||9||60||1||
188.737||0||6||6||60||1||
126.59||1||0||9||80||0||
100.256||1||0||9||50||0||
234.081||0||0||9||100||1||
218.722||1||0||9||50||0||
57.4086||1||0||9||20||1||
126.429||1||0||9||100||1||
29.7827||1||12||8||99||1||
135.019||1||0||9||96||0||
117.801||1||8||7||20||1||
93.0442||1||0||9||100||1||
110.491||0||15||7||15||1||
262.591||1||0||9||50||0||
131.916||0||0||9||100||1||
68.4059||1||0||9||90||1||
99.0366||1||8||7||30||1||
206.381||0||0||9||100||1||
75.7815||1||0||9||90||0||
40.797||1||0||9||78||0||
84.5007||0||4||6||60||0||
76.9359||1||0||9||87||0||
86.4997||1||8||7||60||0||
100.706||1||14||7||100||1||
136.036||0||0||9||15||1||
316.864||0||0||9||100||0||
63.4891||1||11||7||87||0||
90.7478||1||11||7||60||1||
99.6308||1||0||9||12||0||
29.2365||1||0||9||7||0||
64.9283||1||0||9||80||0||
70.582||0||0||9||70||0||
135.79||1||0||9||80||0||
367.778||0||0||9||80||1||
136.03||1||0||9||50||1||
84.3847||1||0||9||7||0||
70.6195||1||3||7||30||0||
123.111||0||0||9||90||1||
27.4328||1||0||9||23||0||
133.159||1||0||9||100||0||
76.1057||0||11||7||20||0||
169.441||1||0||9||70||0||
234.081||0||0||9||100||1||
341.158||0||0||9||100||1||
229.205||0||0||9||100||1||
141.113||0||0||9||100||1||
154.21||0||8||7||10||0||
108.975||1||0||9||70||0||
144.071||1||0||9||50||0||
393.255||0||0||9||100||1||
103.753||1||0||9||30||0||
197.105||0||15||6||100||1||
118.589||1||0||9||80||0||
64.3512||1||0||9||32||0||
25.5911||1||12||7||69||0||
223.007||0||0||9||100||1||
119.438||1||0||7||15||0||
141.837||0||0||9||100||0||
37.8489||1||0||9||19||0||
183.903||0||0||9||100||1||
443.188||0||0||9||100||1||
71.0805||1||0||9||70||0||
166.46||0||14||7||90||1||
141.5||1||9||7||10||1||
120.925||1||0||9||10||0||
55.8378||1||0||9||58||0||
49.7377||1||0||9||60||0||
267.721||0||0||9||100||1||
120.592||1||2||7||2||0||
200.273||1||0||9||100||0||
241.897||0||0||9||100||1||
66.2663||1||7||7||10||1||
78.7444||1||0||9||80||0||
163.121||1||7||7||42||0||
23.4506||1||0||7||16||1||
260.057||0||0||9||100||1||
79.1869||1||0||9||80||1||
39.5908||1||0||9||100||0||
111.481||1||4||7||45||1||
31.5331||1||0||9||19||0||
99.1969||1||0||9||79||0||
179.323||1||14||7||100||0||
23.9238||1||9||7||76||0||
50.9344||1||0||9||16||0||
108.475||1||0||9||100||0||
119.957||0||0||9||80||1||
108.195||1||33||7||100||0||
145.326||0||0||9||90||1||
285.819||0||0||9||100||1||
199.117||0||0||9||98||0||
142.848||1||0||9||20||0||
37.1318||1||8||8||83||0||
267.074||1||0||9||70||0||
100.854||1||0||7||25||0||
32.6901||1||0||9||80||0||
123.467||1||0||9||35||0||
23.8007||1||10||8||93||1||
113.193||1||8||7||60||0||
61.9161||1||0||9||100||0||
48.4004||1||0||9||16||0||
51.7562||1||0||9||20||0||
90.1687||1||0||7||11||1||
92.5231||1||0||9||60||1||
323.231||0||13||7||12||0||
59.9714||1||0||9||9||0||
77.2575||1||11||7||40||0||
134.048||1||0||9||50||1||
109.198||1||10||7||49||0||
290.998||1||13||6||100||0||
47.1936||0||0||9||90||0||
182.144||1||0||9||90||0||
28.8715||1||0||9||40||1||
113.284||1||0||9||80||0||
120.679||1||0||9||70||1||
65.1897||1||0||9||90||1||
86.1989||1||13||7||70||0||
52.5121||1||0||9||40||0||
169.716||0||0||9||50||0||
58.2601||1||0||9||60||0||
142.043||1||0||9||100||0||
82.6872||1||0||9||7||1||
80.6714||1||0||9||47||0||
228.533||1||0||9||30||0||
57.0225||1||0||9||80||1||
68.4494||1||0||9||100||0||
154.738||1||9||7||61||1||
125.653||0||0||9||89||1||
89.6224||0||0||9||100||1||
23.634||1||12||7||30||1||
72.9535||1||0||9||50||1||
127.801||0||12||7||80||0||
23.7657||1||11||7||29||0||
116.752||0||0||9||60||1||
36.4451||1||14||7||80||1||
131.679||1||9||6||40||0||
152.202||1||0||9||82||1||
50.218||1||0||9||90||0||
399.571||0||0||9||100||1||
117.537||1||0||7||15||1||
238.705||0||0||9||100||1||
116.716||1||0||9||40||0||
65.2257||1||0||9||90||1||
70.198||0||0||9||20||0||
179.822||1||0||9||100||1||
218.716||1||0||9||30||1||
59.5527||1||0||9||9||1||
152.124||1||9||7||62||0||
84.1746||1||0||9||70||0||
164.43||1||0||9||69||0||
125.92||1||14||7||100||1||
74.9054||1||0||9||62||0||
122.656||0||0||9||58||0||
209.727||0||15||7||100||1||
91.3426||1||11||6||59||0||
188.394||1||7||7||58||0||
89.7228||1||12||7||60||0||
84.611||1||0||9||100||1||
55.2022||1||0||9||29||0||
116.417||1||11||7||40||0||
119.142||0||8||7||10||1||
56.9045||1||0||9||30||1||
114.385||0||0||9||100||1||
117.494||1||7||6||20||0||
116.964||1||0||9||50||1||
151.768||1||0||9||50||0||
173.436||0||0||9||58||1||
135.574||0||0||9||90||1||
219.78||0||0||9||100||1||
85.249||1||0||9||80||1||
156.107||1||0||9||30||1||
30.7602||1||0||9||40||1||
183.485||0||0||9||40||1||
87.6021||1||0||9||77||1||
53.6765||1||0||9||48||0||
173.536||1||0||9||20||1||
71.3049||1||4||7||30||0||
116.191||1||4||7||12||0||
22.1312||1||0||9||24||0||
269.199||0||0||9||100||1||
170.467||0||8||7||42||0||
233.354||0||0||9||100||1||
264.611||1||0||9||80||0||
198.083||1||0||9||40||1||
118.644||1||3||7||2||0||
127.794||1||0||9||60||0||
40.1509||1||0||9||48||0||
137.382||1||0||9||80||1||
134.137||0||0||9||100||0||
158.936||1||0||9||30||0||
103.974||1||0||9||90||0||
94.827||1||10||7||50||0||
135.303||0||13||7||89||0||
234.265||0||11||7||19||0||
142.552||0||7||7||37||1||
135.928||1||7||7||32||1||
62.8742||1||0||9||50||1||
429.281||0||0||9||100||0||
132.154||1||0||9||100||0||
113.394||1||0||9||10||0||
66.5189||1||0||9||2||0||
228.925||0||0||9||39||1||
73.3582||1||0||9||50||0||
141.932||0||34||7||75||1||
134.479||0||0||9||100||1||
63.9591||0||0||9||50||0||
158.512||0||0||9||50||1||
56.0183||1||0||9||50||1||
234.081||0||0||9||100||1||
66.0891||1||11||7||66||0||
117.251||1||0||9||40||1||
72.3441||1||0||9||62||0||
44.2966||1||0||9||40||1||
144.857||0||34||7||75||1||
30.3855||1||5||7||28||0||
32.6395||1||0||9||60||0||
23.673||1||9||8||93||0||
109.717||1||0||9||90||0||
250.416||0||0||9||100||1||
315.429||0||0||9||100||0||
71.2742||1||8||7||49||0||
37.8758||1||9||7||70||0||
70.51||1||0||9||70||0||
68.1751||1||0||9||90||0||
85.4435||1||0||9||7||1||
35.8954||1||0||9||70||0||
177.608||1||8||7||60||0||
73.2932||1||15||6||100||1||
180.554||1||0||9||90||0||
70.4911||1||0||9||20||1||
266.895||1||0||9||70||0||
131.872||1||14||7||100||0||
84.4428||1||0||9||10||0||
155.146||1||0||9||50||0||
99.1949||1||0||9||50||0||
114.465||1||12||7||2||1||
71.5913||1||0||9||70||0||
325.883||0||0||9||100||1||
224.762||1||0||9||90||0||
53.4311||1||0||9||80||1||
27.8743||1||0||9||7||1||
212.439||1||0||9||60||0||
58.6213||1||7||7||60||1||
232.97||0||0||9||80||1||
66.7805||1||0||9||90||0||
77.359||0||0||9||100||1||
119.365||1||0||9||80||0||
131.735||0||0||9||99||0||
45.116||1||0||9||50||0||
100.55||1||0||9||35||0||
166.766||0||15||7||100||1||
23.9628||1||0||9||20||0||
204.583||0||0||9||100||1||
226.281||0||0||9||60||0||
91.2409||1||0||9||32||1||
90.2014||1||0||9||10||1||
327.693||0||0||9||100||0||
247.434||0||15||7||100||1||
29.6976||1||13||8||100||1||
78.4811||1||0||9||52||0||
228.673||0||15||7||30||1||
92.3763||1||0||9||70||1||
85.069||1||0||9||100||1||
150.001||0||0||9||15||1||
76.8776||1||0||9||90||0||
155.563||1||0||9||50||0||
213.693||0||0||9||99||1||
47.9854||1||12||7||67||1||
56.1758||1||0||9||90||0||
181.639||0||0||9||58||1||
65.0587||0||0||9||30||1||
61.8405||1||13||7||99||0||
27.8803||1||0||9||68||0||
82.2159||1||11||7||2||1||
164.358||1||0||9||59||1||
27.0929||1||0||9||100||0||
87.2295||1||12||6||79||1||
59.6847||1||0||9||50||1||
70.2951||1||0||9||20||0||
235.62||0||0||9||100||1||
50.1171||1||0||9||50||0||
164.535||0||0||9||58||1||
79.5634||1||0||9||80||0||
73.0597||1||9||7||19||0||
29.8149||1||13||6||90||0||
131.674||1||7||7||32||0||
125.13||1||9||7||63||0||
116.489||1||0||9||10||0||
323.131||1||0||9||100||0||
95.3883||1||4||6||40||0||
274.846||0||0||9||100||1||
144.141||1||0||9||15||0||
106.444||1||0||9||50||0||
48.7811||1||0||9||80||1||
60.7436||1||0||9||30||0||
416.015||0||0||9||100||1||
228.941||0||0||9||90||1||
193.164||1||0||9||80||0||
116.789||1||8||7||20||0||
88.7851||1||0||9||19||1||
38.7846||1||0||9||90||0||
106.071||1||0||9||100||0||
102.368||1||0||7||25||1||
57.6265||1||0||9||82||0||
89.0533||1||0||9||100||0||
85.3894||1||0||9||30||0||
112.592||1||0||9||70||0||
44.7659||1||0||9||100||0||
23.5328||1||11||7||29||0||
22.8495||1||13||7||79||0||
93.035||1||0||9||100||0||
149.317||1||0||9||100||1||
206.432||0||6||7||56||0||
108.008||1||0||9||60||0||
85.8107||1||0||9||89||0||
250.969||0||0||9||100||1||
325.45||0||0||9||100||1||
201.69||1||0||9||100||0||
68.5216||1||0||9||80||0||
179.363||0||0||9||58||0||
67.4952||1||10||6||9||0||
176.8||1||0||9||90||0||
23.8241||1||14||7||5||0||
201.616||1||0||9||10||0||
120.863||1||2||7||2||1||
122.868||1||0||9||100||1||
166.88||0||14||7||90||1||
174.512||1||4||7||9||1||
204.223||0||0||9||100||1||
218.039||0||0||9||50||1||
60.3079||1||11||7||60||0||
92.7427||0||9||7||49||0||
129.216||1||0||9||100||1||
279.302||0||0||9||100||1||
28.6342||1||13||8||100||1||
319.813||0||0||9||100||1||
263.884||1||0||9||50||1||
131.011||0||0||9||100||1||
275.953||0||0||9||100||1||
120.664||1||0||9||78||0||
37.3756||1||0||9||40||0||
381.299||0||0||9||100||1||
209.034||1||0||9||90||1||
147.421||1||0||9||80||1||
109.395||1||0||9||19||0||
125.079||1||0||9||20||1||
111.03||1||0||9||70||0||
115.385||1||4||7||12||0||
287.579||0||0||9||100||1||
201.213||1||0||9||10||0||
81.6763||1||0||9||40||0||
72.5783||1||5||7||28||0||
106.169||1||14||7||79||0||
93.142||1||0||9||70||1||
247.076||0||15||7||100||1||
106.672||1||10||7||39||0||
151.48||0||0||9||100||1||
153.403||1||0||9||15||1||
78.1144||1||8||7||20||0||
281.611||0||5||7||40||0||
164.987||1||0||9||10||0||
62.814||1||3||7||10||1||
78.3078||1||0||9||100||0||
123.813||1||0||9||80||0||
69.6734||1||7||7||20||0||
68.7738||1||0||9||10||0||
113.41||1||10||6||60||1||
129.267||0||0||9||90||1||
88.8585||1||0||9||32||0||
87.8971||1||0||9||100||1||
265.423||0||0||9||100||1||
285.988||0||0||9||100||0||
87.2875||1||0||7||11||1||
238.009||0||7||7||60||1||
159.455||0||0||9||100||0||
443.188||0||0||9||100||1||
115.999||1||0||9||10||1||
128.642||1||0||9||40||0||
106.705||0||4||7||55||0||
116.157||1||0||9||100||0||
203.651||0||0||9||10||1||
186.714||1||0||9||90||0||
99.6254||1||10||7||40||0||
62.4878||1||0||9||58||1||
64.2422||1||0||9||90||0||
133.48||1||3||7||66||1||
48.0192||1||0||9||90||0||
100.807||1||0||9||70||1||
142.702||1||0||9||20||0||
172.321||1||15||7||100||1||
375.439||0||0||9||100||1||
181.966||1||0||9||60||0||
293.966||0||0||9||100||0||
97.1579||1||0||9||70||1||
170.351||1||0||9||70||0||
151.434||1||0||9||15||0||
65.5356||1||0||9||60||0||
129.914||1||0||9||90||1||
23.6706||1||0||9||40||0||
25.787||1||0||9||100||0||
109.623||1||0||9||19||1||
174.918||0||13||7||90||0||
128.961||0||5||7||55||0||
106.071||1||0||9||20||1||
219.678||0||0||9||100||1||
35.4481||1||12||8||100||0||
138.021||1||0||9||72||0||
60.3415||1||0||9||47||0||
38.6978||1||0||9||30||0||
45.4562||1||8||7||60||1||
23.8559||1||0||9||10||1||
122.536||1||11||7||40||0||
132.915||0||0||9||80||1||
81.5694||1||13||6||89||0||
73.6418||1||0||9||70||0||
137.494||1||13||7||80||0||
58.2709||1||0||9||99||0||
288.35||0||0||9||100||1||
145.783||1||0||9||30||0||
78.5836||1||0||9||7||0||
47.2854||1||13||7||68||0||
54.3361||1||0||9||20||0||
88.5847||1||0||9||90||0||
86.1244||0||12||7||89||0||
102.819||1||13||7||69||1||
203.087||0||34||7||75||1||
204.852||0||0||9||100||1||
220.859||0||0||9||100||1||
82.3551||1||0||9||89||1||
64.7535||1||0||9||100||0||
173.059||1||0||9||70||0||
111.772||1||0||9||40||0||
168.802||0||0||9||100||1||
175.044||0||15||7||90||1||
327.926||1||9||7||66||0||
57.4371||1||0||9||20||0||
274.158||0||0||9||100||0||
75.2194||1||0||9||70||0||
94.514||1||0||9||12||1||
146.408||1||0||9||40||1||
97.8036||1||1||7||35||0||
150.446||1||0||9||100||1||
246.36||0||0||9||20||1||
142.692||1||0||9||15||1||
158.107||1||14||7||90||0||
111.631||1||0||9||89||0||
93.0179||1||0||9||100||0||
278.664||0||0||9||69||0||
64.6323||1||0||9||39||0||
135.754||1||0||9||97||0||
190.019||1||0||9||80||1||
214.226||1||0||9||69||0||
47.0712||1||10||6||60||1||
243.771||0||0||9||100||1||
122.388||1||0||9||100||0||
104.211||1||10||6||60||0||
120.161||1||0||9||70||1||
106.891||1||0||9||60||0||
232.094||1||0||9||30||1||
67.898||0||0||9||60||1||
49.6051||1||0||9||80||0||
190.276||0||0||9||100||1||
185.122||1||0||9||49||1||
123.716||1||7||7||60||0||
311.399||0||0||9||100||1||
172.548||1||0||9||30||0||
138.062||1||0||9||72||0||
79.1704||1||0||9||7||1||
111.11||1||0||9||70||1||
71.5787||1||7||7||10||0||
262.203||0||0||9||100||1||
22.588||1||0||9||70||1||
75.6759||0||14||7||69||0||
124.804||1||0||9||80||0||
136.391||1||0||9||70||0||
183.523||0||0||9||92||0||
54.2758||1||11||7||87||0||
155.679||0||0||9||50||1||
47.4944||1||0||9||17||0||
126.171||1||0||9||80||1||
90.0814||1||0||9||32||1||
23.6007||1||0||9||40||1||
149.438||1||7||6||30||0||
252.814||0||0||9||100||1||
41.043||1||0||9||42||0||
52.7009||1||0||9||100||0||
270.041||0||15||7||59||1||
79.8486||1||0||9||52||1||
79.7967||1||0||7||54||0||
83.548||1||0||9||80||0||
123.765||1||0||9||22||1||
74.6282||1||14||7||59||1||
284.795||1||0||9||50||0||
127.101||1||0||9||60||0||
120.064||0||0||9||10||1||
295.548||0||8||7||29||1||
277.544||0||0||9||100||1||
147.315||1||2||7||17||1||
234.137||0||0||9||50||1||
153.636||1||0||9||99||0||
115.109||1||0||9||60||0||
106.351||1||0||9||100||0||
21.755||1||1||7||10||0||
95.0965||1||10||7||50||0||
115.813||1||0||9||20||0||
73.7355||1||9||7||70||0||
154.831||1||0||9||15||0||
159.104||1||0||9||100||0||
153.811||1||0||9||50||0||
204.831||1||0||9||69||0||
160.844||0||4||7||17||0||
279.902||0||0||9||100||1||
69.1471||1||12||7||50||0||
59.1315||1||0||9||100||0||
109.933||1||0||9||10||1||
40.0464||1||0||9||42||0||
122.067||0||0||9||58||1||
195.498||1||0||9||69||0||
110.33||1||0||9||80||0||
135.061||1||0||9||50||0||
142.603||1||5||7||29||1||
23.761||1||10||8||94||0||
117.752||1||9||7||50||1||
194.274||0||0||9||98||1||
63.9892||1||0||9||100||1||
83.2255||1||13||7||70||1||
52.5075||1||0||9||14||0||
99.088||1||0||9||100||0||
71.2598||1||0||9||40||1||
53.2956||1||13||7||90||1||
127.798||0||0||9||100||1||
127.315||1||0||9||9||0||
158.139||0||0||9||50||0||
51.0325||1||0||9||15||1||
85.3885||1||0||9||100||0||
94.1018||1||0||9||100||0||
68.8823||1||12||7||60||0||
228.434||0||0||9||100||1||
22.8858||1||0||9||25||0||
121.974||1||0||9||80||0||
113.124||0||0||9||10||1||
227.126||0||9||7||66||1||
238.028||0||0||9||80||1||
140.532||0||0||9||40||1||
259.151||1||0||9||50||0||
151.031||0||0||9||93||0||
181.765||1||0||9||50||0||
258.973||0||0||9||100||1||
31.9235||1||0||9||100||0||
77.165||1||13||7||50||0||
23.2303||1||12||7||49||0||
63.1786||1||0||9||90||0||
83.0437||1||6||7||50||0||
105.957||1||0||9||30||1||
451.233||0||0||9||100||1||
94.7254||1||0||9||80||0||
147.825||1||2||7||17||1||
71.1569||1||0||9||32||0||
183.883||1||0||9||99||0||
102.394||1||13||7||90||0||
188.738||0||15||6||100||1||
68.8011||1||0||9||90||1||
117.537||1||0||9||90||0||
117.192||1||12||7||80||0||
59.5062||1||0||9||88||0||
376.293||0||0||9||100||0||
176.017||1||0||9||30||0||
347.185||0||0||9||100||1||
134.81||0||0||9||50||1||
22.9319||1||0||9||24||0||
141.799||0||34||7||100||1||
38.5312||1||0||9||10||1||
46.0367||1||0||9||70||0||
168.152||0||0||9||80||1||
175.178||1||0||9||50||0||
59.7133||1||12||7||87||0||
29.5242||1||13||8||100||0||
262.7||0||0||9||100||1||
114.067||1||5||7||12||0||
30.7816||1||12||7||67||0||
183.467||0||0||9||100||1||
186.354||1||0||9||80||0||
92.2543||1||11||6||70||0||
367.764||0||0||9||100||1||
276.663||0||0||9||100||0||
172.329||1||0||9||50||0||
62.2256||1||0||9||90||1||
80.2386||1||9||7||19||0||
107.335||0||0||9||90||1||
36.1956||1||0||9||48||0||
109.675||1||0||9||100||0||
171.829||0||0||9||100||1||
88.0547||1||0||9||80||0||
41.1704||1||0||9||18||0||
138.63||0||0||9||15||1||
328.659||0||9||7||66||0||
31.3702||1||9||7||80||0||
73.5372||1||0||9||10||1||
29.9328||1||0||9||17||0||
71.2628||1||0||9||9||0||
148.689||1||2||7||17||1||
132.1||1||0||9||70||1||
56.8564||1||0||9||80||1||
257.349||0||15||6||100||1||
200.259||1||0||9||50||0||
309.059||0||0||9||100||1||
80.1041||1||6||7||29||0||
23.6165||1||0||9||60||0||
124.477||1||0||9||100||0||
82.1611||0||3||7||17||0||
81.895||1||0||9||100||1||
267.24||0||0||9||100||1||
91.3837||1||0||9||100||0||
146.133||0||0||9||80||1||
263.002||0||0||9||100||1||
187.281||0||0||9||100||1||
106.601||1||0||9||49||0||
47.3017||1||0||9||70||1||
27.1991||1||1||7||56||1||
118.02||1||0||9||100||0||
76.1874||1||0||9||50||0||
63.1517||1||0||9||100||1||
147.262||1||15||7||100||1||
201.929||1||6||7||57||1||
72.5637||1||0||7||15||0||
56.8667||1||0||9||60||0||
113.925||1||0||9||40||0||
52.8006||1||0||9||70||0||
131.729||0||0||9||100||1||
265.45||1||0||9||80||0||
135.565||1||6||7||29||1||
195.658||0||0||9||100||1||
64.4527||0||0||7||15||1||
138.807||1||9||7||10||0||
136.189||0||5||7||17||0||
254.481||0||0||9||100||1||
196.699||1||0||9||50||0||
212.221||0||0||9||100||1||
167.933||0||14||7||90||1||
86.3067||1||13||6||79||0||
37.0238||1||9||8||83||1||
172.703||1||0||9||50||0||
117.801||1||8||7||20||1||
24.0937||1||13||6||90||0||
42.7919||1||0||9||100||0||
64.3839||1||0||9||20||0||
69.6208||1||0||9||39||1||
262.177||0||0||9||100||1||
123.689||1||0||7||15||0||
79.5948||1||0||9||10||1||
253.333||0||0||9||100||1||
258.294||0||0||9||50||1||
97.6864||1||0||9||40||1||
23.5924||1||9||7||6||1||
58.5192||1||0||9||90||0||
115.556||1||0||9||30||1||
54.6743||1||0||9||50||0||
30.4967||1||0||9||80||0||
105.66||1||0||9||90||0||
37.6732||1||9||6||60||0||
142.043||1||0||9||20||1||
115.911||1||12||7||60||1||
23.5327||1||0||9||68||0||
63.722||0||0||9||70||0||
45.6657||1||0||9||42||0||
115.022||0||0||9||90||0||
27.1068||1||0||9||80||0||
91.0993||1||0||9||39||0||
100.326||1||14||7||79||1||
91.8256||1||11||7||60||1||
139.369||1||14||7||90||1||
202.154||1||0||9||10||0||
82.9701||1||14||7||10||0||
184.21||1||0||9||80||0||
80.0438||1||0||9||90||0||
31.8037||1||0||9||30||1||
123.24||1||11||7||19||1||
129.544||0||0||9||90||1||
113.532||1||0||9||10||1||
36.012||1||0||9||22||0||
309.845||0||0||9||100||0||
109.975||1||9||7||19||0||
66.6738||1||0||9||20||1||
77.5689||1||6||7||20||1||
75.2496||1||11||7||66||0||
113.462||1||0||9||20||0||
141.064||1||0||9||80||0||
146.342||1||0||9||90||1||
23.9818||1||0||9||40||0||
329.309||0||0||9||90||1||
109.759||1||0||9||10||0||
269.233||0||0||9||100||1||
202.175||1||0||9||100||0||
271.543||0||0||9||100||1||
134.533||0||0||9||100||1||
39.1274||1||8||8||83||0||
381.686||0||0||9||100||1||
105.153||1||0||9||20||0||
168.663||1||0||9||30||0||
292.079||0||14||8||100||0||
23.7231||1||0||9||7||1||
59.0969||1||0||9||100||1||
61.1288||1||14||6||89||0||
212.737||1||0||9||30||0||
33.4589||1||0||9||58||0||
210.493||0||15||6||100||1||
225.002||0||0||9||100||1||
88.6086||1||0||9||42||1||
22.6837||1||0||9||24||0||
179.169||0||0||9||100||1||
64.3754||1||0||9||60||0||
43.3793||1||7||8||82||1||
42.6261||0||0||9||10||1||
277.431||0||0||9||39||0||
186.366||0||15||7||90||1||
318.499||0||0||9||100||0||
124.737||1||0||9||55||0||
100.615||1||0||9||40||0||
146.358||0||0||9||89||1||
128.288||0||0||9||100||0||
212.656||0||0||9||100||1||
159.377||0||0||9||93||0||
223.837||0||0||9||100||1||
66.9775||1||9||7||9||0||
124.292||1||0||9||55||0||
81.1584||0||0||9||70||0||
95.9425||1||14||6||89||0||
202.817||0||34||7||75||1||
71.5457||1||0||9||94||0||
76.4649||1||0||9||50||0||
202.154||1||0||9||10||0||
334.712||0||0||9||100||1||
229.142||0||0||9||100||1||
155.084||1||0||9||9||0||
164.642||0||0||9||50||1||
92.8674||1||11||6||90||0||
160.761||1||0||9||80||0||
23.8348||1||13||6||90||0||
56.5805||1||0||9||30||0||
86.1825||1||11||7||50||0||
106.717||1||0||9||20||0||
98.2084||1||0||9||30||0||
46.4561||1||0||9||70||0||
388.223||0||0||9||100||1||
103.728||1||0||9||22||1||
63.7022||1||0||9||27||0||
78.3851||1||0||9||100||0||
140.649||0||0||9||15||1||
60.9662||1||3||7||10||0||
277.523||0||0||9||100||0||
66.0073||1||11||7||69||0||
121.659||0||0||9||20||1||
177.433||0||15||7||90||1||
86.8897||1||8||7||20||0||
75.9292||1||11||7||69||0||
136.374||1||0||9||97||0||
63.3038||1||0||9||47||0||
35.9522||1||14||7||5||0||
189.944||1||0||9||82||0||
89.3668||1||12||7||60||0||
146.431||1||0||9||30||0||
64.4895||1||11||7||69||0||
136.65||0||0||9||100||1||
191.81||0||10||7||90||0||
217.735||0||0||9||100||1||
118.48||0||8||7||10||1||
65.1514||1||7||7||10||0||
43.6565||1||0||9||30||0||
102.849||1||0||9||22||0||
23.8142||1||8||8||83||0||
74.4147||1||0||9||80||0||
336.104||0||0||9||90||1||
116.705||1||0||9||60||1||
241.739||1||0||9||69||0||
220.4||1||5||8||59||0||
32.2823||1||12||6||70||0||
43.1221||1||10||7||60||1||
111.622||1||0||9||60||0||
75.4468||1||11||7||50||0||
124.089||1||14||7||90||0||
71.8327||1||0||9||90||0||
118.015||1||3||7||2||0||
108.877||1||0||9||100||1||
74.0662||0||0||9||20||0||
82.8983||1||13||7||80||0||
276.814||0||0||9||100||0||
104.881||1||4||7||18||0||
159.06||0||0||9||75||0||
126.74||0||0||9||90||1||
175.004||0||0||9||98||1||
84.3889||1||0||9||42||1||
80.7553||1||0||7||23||0||
66.8921||0||6||7||40||0||
70.8594||1||0||9||40||1||
59.1413||1||0||9||18||1||
97.0133||1||11||7||70||0||
90.3297||1||0||9||15||0||
227.397||0||0||9||30||1||
163.974||0||13||7||90||0||
57.4018||1||14||7||100||0||
88.0261||1||0||9||69||0||
59.3845||1||10||7||60||0||
155.893||1||14||7||90||0||
103.059||1||0||9||100||1||
133.9||0||14||7||59||0||
117.801||1||8||7||20||1||
119.994||1||0||9||100||0||
152.207||1||7||7||32||0||
57.4333||1||0||9||58||0||
116.274||1||10||7||20||0||
275.422||0||0||9||100||1||
71.6503||1||0||9||90||0||
280.509||0||0||9||100||1||
256.051||0||0||9||100||1||
91.4835||1||0||9||32||0||
86.1744||1||0||7||55||1||
166.674||1||0||9||69||0||
166.358||1||14||7||100||1||
117.734||1||0||9||90||0||
319.415||0||0||9||100||0||
31.5351||1||12||6||80||0||
100.97||0||0||9||84||1||
167.507||1||0||9||90||0||
46.7919||1||14||7||90||0||
118.89||0||8||7||10||1||
215.698||0||0||9||100||1||
60.5464||1||14||7||100||0||
22.8197||1||1||7||56||0||
253.24||1||0||9||90||0||
84.6785||1||10||7||49||0||
170.02||0||0||9||100||1||
130.744||1||13||7||79||1||
151.597||1||0||9||100||1||
165.081||0||8||7||40||0||
367.18||0||0||9||100||1||
138.816||1||0||9||72||0||
168.533||1||2||6||30||1||
227.621||0||0||9||100||1||
243.857||0||4||8||59||1||
72.3704||1||0||9||70||0||
65.4776||1||0||9||20||1||
84.2726||1||4||7||10||1||
90.2931||1||0||9||60||0||
97.7685||1||0||9||60||0||
108.006||1||0||9||60||1||
66.6272||0||0||7||15||0||
121.227||1||0||9||90||1||
369.699||0||0||9||90||0||
409.547||0||0||9||100||0||
109.453||1||4||7||20||0||
56.945||1||0||9||90||1||
97.2598||1||4||7||18||0||
262.235||0||0||9||100||0||
175.659||1||0||9||100||0||
314.381||0||7||6||10||1||
167.01||1||0||9||90||0||
27.5564||1||0||9||7||0||
132.874||1||0||9||100||0||
23.5037||1||0||9||80||0||
107.609||0||15||6||89||1||
124.093||1||0||9||40||1||
22.517||1||10||7||19||0||
263.875||1||0||9||50||1||
307.302||0||0||9||80||1||
236.48||0||0||9||100||1||
190.799||1||0||9||60||0||
48.4677||1||0||9||42||0||
71.5584||1||11||7||66||1||
110.976||1||0||9||30||0||
134.436||1||0||9||70||0||
83.2786||1||0||9||7||0||
110.148||0||7||7||30||0||
141.845||1||0||9||99||0||
113.985||0||0||7||15||0||
98.3208||1||13||7||90||1||
23.8199||1||10||8||95||0||
256.531||0||0||9||100||1||
100.542||1||0||9||10||0||
108.344||1||9||7||20||0||
69.3388||1||0||9||30||0||
109.087||1||0||9||69||0||
472.749||0||0||9||100||0||
159.802||1||0||9||100||1||
57.8598||1||0||9||100||1||
136.737||1||0||9||90||0||
137.01||1||0||9||50||1||
71.5566||1||11||7||60||0||
152.333||1||0||9||30||0||
369.687||0||0||9||100||1||
107.862||1||0||9||50||0||
114.057||0||3||7||16||1||
84.5735||1||14||7||100||0||
149.575||1||0||9||89||1||
204.915||0||15||7||30||1||
24.8688||1||0||9||68||0||
81.7033||1||0||9||20||1||
216.725||0||14||8||100||1||
100.87||1||0||9||50||0||
41.0742||1||0||9||48||1||
55.4995||1||0||9||20||0||
220.848||0||15||6||100||1||
218.785||1||0||9||30||0||
125.852||1||0||9||50||0||
67.5804||1||0||9||90||0||
85.7992||1||0||7||21||0||
318.269||0||0||9||80||1||
93.289||1||11||7||50||0||
81.7648||1||0||7||23||0||
49.8352||0||0||9||40||1||
119.14||1||6||8||59||1||
144.311||1||6||8||59||1||
106.375||1||0||9||22||1||
74.7434||1||0||9||100||0||
87.5962||1||0||9||40||0||
234.081||0||0||9||100||1||
74.9213||1||0||9||10||1||
167.04||1||0||9||10||0||
46.7009||1||0||9||48||0||
210.032||1||0||9||30||0||
154.471||0||0||9||90||1||
293.741||0||0||9||100||0||
80.3594||1||0||9||47||0||
125.486||1||0||9||100||1||
127.632||0||14||7||59||0||
195.667||0||15||7||30||1||
72.7968||1||10||7||90||0||
95.5442||1||10||6||39||0||
44.5639||1||0||9||50||1||
52.0069||1||0||9||100||0||
87.2703||1||0||9||20||0||
167.185||1||8||7||61||1||
72.1029||0||0||9||100||0||
24.2306||1||0||9||40||0||
35.1745||1||0||9||70||0||
84.042||1||5||7||30||0||
110.912||1||14||7||90||0||
195.454||1||0||9||60||1||
100.689||1||4||6||40||1||
181.044||0||0||9||92||1||
73.6875||1||0||9||90||0||
92.542||1||6||7||29||0||
215.368||0||0||9||100||1||
59.075||1||0||9||80||0||
94.7326||1||0||9||12||0||
80.1461||1||0||9||15||0||
347.391||0||0||9||100||0||
62.1474||1||0||9||18||0||
220.144||0||15||7||30||1||
165.073||1||0||9||50||0||
299.306||0||0||9||100||0||
140.776||1||0||9||100||0||
196.43||1||0||9||90||0||
117.558||1||6||7||29||0||
83.1699||1||11||7||90||0||
251.498||0||0||9||100||1||
117.419||1||0||9||40||0||
120.015||1||12||7||60||0||
56.312||1||0||9||90||1||
39.7917||1||0||9||100||1||
262.524||0||12||6||100||0||
137.089||1||14||7||100||0||
88.0203||1||11||7||90||0||
157.863||1||0||9||59||1||
233.632||0||0||9||90||1||
114.048||1||6||6||10||0||
44.3699||1||0||9||42||0||
200.091||1||0||9||82||0||
223.241||0||0||9||100||1||
22.4358||1||0||9||24||1||
114.105||1||9||7||40||0||
151.839||1||0||9||70||0||
120.429||1||0||9||10||0||
149.886||0||15||7||100||1||
177.883||1||0||9||70||0||
65.7664||0||0||9||70||0||
117.475||1||3||7||12||0||
42.5783||1||0||9||50||0||
132.118||1||13||7||99||0||
170.815||1||0||9||50||0||
165.019||0||0||9||50||1||
60.9952||1||0||9||18||1||
68.0553||1||0||9||72||1||
61.2651||1||0||9||90||0||
99.2644||1||0||9||40||0||
99.3213||1||8||6||50||0||
63.0317||1||0||9||50||0||
104.162||0||15||6||89||1||
482.622||0||0||9||100||0||
148.631||1||3||6||30||0||
126.248||1||0||9||40||0||
236.924||1||0||9||30||0||
312.335||0||0||9||100||0||
229.64||0||0||9||100||1||
185.722||1||0||9||69||0||
79.1944||1||0||9||90||1||
35.91||1||0||9||22||0||
31.7716||1||13||8||100||1||
97.907||1||0||9||40||1||
36.8886||1||0||9||90||0||
108.685||1||13||7||90||0||
191.068||0||0||9||99||1||
135.376||1||0||9||70||0||
23.7639||1||0||9||7||0||
259.509||0||0||9||100||1||
207.533||0||0||9||100||1||
87.5577||1||9||7||19||0||
140.75||1||0||9||50||0||
131.388||1||0||9||100||0||
240.096||1||0||9||50||0||
341.671||0||0||9||100||1||
49.1049||1||2||7||20||0||
116.775||1||13||7||79||1||
231.404||0||0||9||100||1||
265.692||0||0||9||10||1||
114.157||1||0||9||10||0||
156.821||1||0||9||96||0||
110.291||1||0||9||58||0||
83.2255||1||13||7||70||1||
71.8464||1||0||9||50||0||
78.1384||0||4||7||30||0||
106.326||1||8||7||19||1||
266.133||0||0||9||100||1||
53.3715||1||0||9||20||1||
23.6358||1||12||6||80||0||
123.47||1||2||7||17||0||
258.183||0||0||9||100||1||
110.936||1||0||9||19||1||
210.196||1||0||9||90||1||
61.5942||1||8||7||49||0||
145.239||1||7||7||37||0||
317.449||0||0||9||80||1||
98.8953||0||0||9||60||1||
108.953||1||0||9||80||0||
140.313||1||0||9||40||1||
182.79||0||0||9||39||1||
23.6173||1||9||7||90||0||
94.2076||1||0||9||10||0||
23.4341||1||12||7||39||0||
126.987||1||0||9||70||0||
134.538||1||0||9||95||0||
141.721||1||14||7||100||0||
200.987||1||0||9||10||1||
74.2325||1||0||9||90||0||
95.3944||1||0||9||12||0||
97.0646||1||0||9||40||1||
128.111||1||12||7||59||0||
49.4582||1||0||9||90||0||
63.8758||1||0||9||100||0||
108.045||1||0||9||10||0||
89.4243||0||14||8||100||1||
204.6||0||0||9||100||1||
172.827||0||0||9||100||1||
105.17||1||0||9||49||0||
266.963||0||0||9||100||1||
90.7121||1||0||9||90||0||
48.6099||1||0||9||20||0||
73.5372||1||0||9||10||1||
378.597||0||0||9||100||1||
375.682||0||0||9||80||1||
270.477||0||0||9||100||1||
292.581||0||15||6||100||1||
69.8017||0||0||9||20||1||
167.394||1||0||9||100||0||
69.7554||1||7||8||80||1||
116.499||1||0||9||100||0||
142.477||0||6||7||37||0||
233.895||0||0||9||100||1||
128.104||1||0||9||80||0||
55.8016||1||0||9||90||0||
126.136||0||10||7||20||1||
56.7181||1||0||9||42||0||
32.9463||1||0||9||100||1||
140.433||0||0||9||100||1||
159.538||0||0||9||100||1||
167.406||1||0||9||70||0||
70.3793||1||0||9||58||0||
50.9384||1||9||7||70||0||
178.494||0||14||7||90||1||
55.8435||1||14||7||12||0||
57.894||1||0||9||80||0||
132.836||1||0||9||50||0||
79.3204||1||0||9||70||0||
127.83||1||8||6||40||1||
56.8312||1||14||7||90||1||
181.212||1||0||9||80||0||
121.325||1||13||7||79||0||
154.12||0||0||9||100||1||
97.8866||1||0||9||10||0||
100.757||1||6||7||40||0||
65.1849||1||0||9||60||1||
173.4||0||0||9||100||1||
88.0864||1||11||7||90||1||
284.394||0||0||9||100||0||
121.659||0||0||9||20||1||
113.755||1||0||9||60||0||
43.3056||0||0||9||50||1||
56.919||1||12||7||97||0||
200.766||1||0||9||30||0||
80.7331||1||0||9||79||0||
41.5698||1||7||8||82||0||
41.58||1||0||9||20||1||
77.472||1||14||7||10||1||
23.3131||1||0||9||7||0||
64.5607||1||7||7||20||0||
107.185||1||0||9||90||0||
111.394||1||0||9||10||0||
175.871||0||0||9||100||1||
91.1328||1||0||9||100||0||
61.9388||0||0||9||30||1||
103.773||1||0||9||90||1||
116.273||1||12||7||70||0||
111.032||0||2||7||35||0||
120.192||1||0||9||30||0||
95.5232||1||0||9||77||0||
58.6335||1||0||9||70||0||
35.139||1||0||9||22||1||
81.8781||1||0||9||100||0||
190.475||1||34||7||75||0||
56.5206||1||0||9||39||0||
176.629||1||0||9||69||0||
411.641||0||0||9||100||0||
84.6756||1||0||7||21||0||
80.5194||1||11||7||90||1||
108.501||1||0||9||19||0||
134.158||1||0||9||50||0||
134.422||1||14||7||99||0||
117.398||1||0||9||50||0||
303.506||0||0||9||100||1||
61.7245||1||0||9||8||0||
111.913||1||0||9||70||0||
22.2034||1||0||9||24||1||
202.487||1||0||9||10||1||
84.374||1||0||9||100||0||
42.4196||1||0||9||70||0||
132.029||0||0||9||100||1||
44.6772||1||0||9||80||0||
62.7114||1||0||9||90||0||
235.083||0||0||9||50||1||
78.7979||1||0||9||7||1||
192.03||0||0||9||100||0||
34.1962||1||0||9||100||1||
112.553||1||6||7||22||1||
91.5333||1||6||7||30||0||
21.4634||1||10||7||18||0||
171.48||1||0||9||30||0||
23.9866||1||7||7||9||0||
134.281||0||0||9||100||1||
138.899||0||13||7||90||1||
55.7379||1||0||9||78||0||
61.0432||1||0||9||94||0||
68.7925||0||0||9||50||0||
266.116||0||0||9||100||1||
78.1943||1||0||9||100||1||
45.264||1||0||9||90||0||
101.046||1||0||9||30||0||
120.901||1||12||7||80||0||
92.4485||1||0||9||50||1||
55.39||1||0||9||79||0||
86.7313||1||9||6||50||0||
111.55||1||0||9||35||0||
236.701||0||5||8||59||0||
238.872||0||0||9||100||0||
36.0687||1||10||7||76||0||
101.786||1||13||7||70||0||
192.602||1||7||7||58||0||
169.522||0||0||9||58||1||
23.732||1||12||6||80||0||
70.6481||1||0||9||80||0||
171.01||1||0||9||100||1||
79.7937||1||0||9||52||0||
128.021||1||8||6||30||1||
25.4446||1||0||9||80||1||
53.3715||1||0||9||20||1||
36.3022||1||8||7||9||0||
122.893||1||0||9||100||1||
122.799||1||0||9||20||0||
25.0249||1||11||8||97||0||
99.0947||1||0||9||10||0||
101.657||1||13||7||80||1||
346.618||0||0||9||90||1||
124.318||1||14||7||100||0||
169.057||1||0||9||69||0||
46.7941||1||10||6||60||1||
235.357||0||0||9||100||1||
190.075||1||0||9||60||1||
95.4264||1||12||6||100||1||
194.717||1||0||9||90||1||
106.641||0||0||9||50||0||
43.6118||1||0||9||100||0||
77.472||1||14||7||10||1||
244.539||1||0||9||69||1||
131.24||0||13||7||12||1||
53.0335||1||0||9||94||0||
119.292||0||0||9||68||0||
124.312||1||0||9||100||1||
137.039||1||13||7||30||0||
101.818||1||11||7||2||0||
204.925||1||0||9||50||0||
113.967||1||0||9||70||1||
51.8445||1||0||9||80||0||
163.892||0||13||7||90||0||
26.1931||1||9||7||60||0||
65.0152||1||0||9||80||0||
108.806||1||10||7||19||0||
311.491||0||0||9||100||1||
217.153||0||0||9||100||1||
151.902||0||0||9||100||1||
125.586||1||0||9||40||1||
90.617||1||0||9||32||0||
168.939||0||0||9||100||1||
84.1019||1||10||7||50||0||
96.9366||1||0||9||100||1||
20.987||1||12||7||39||0||
107.643||1||0||9||80||0||
320.788||0||0||9||90||1||
65.6092||1||11||7||60||0||
23.2097||1||9||8||93||0||
28.1925||1||0||9||7||1||
264.056||0||0||9||70||0||
29.0974||0||13||7||70||0||
159.501||0||0||9||50||1||
234.515||0||0||9||100||1||
198.097||0||7||7||40||0||
117.024||1||0||9||58||0||
83.2861||1||0||7||22||0||
155.73||1||0||9||70||0||
91.3815||1||11||7||2||0||
275.373||1||0||9||100||0||
190.983||1||0||9||80||1||
181.698||0||0||9||100||1||
129.752||1||0||9||40||0||
77.8908||1||0||9||9||0||
260.384||1||0||9||69||0||
227.575||0||0||9||100||1||
118.355||1||11||7||40||0||
109.288||1||14||7||70||0||
127.638||1||0||9||15||0||
39.1489||1||0||9||18||0||
80.0332||1||0||9||20||0||
181.477||0||0||9||100||1||
38.4996||1||10||6||60||1||
23.9778||1||10||8||94||0||
64.6617||0||0||9||30||1||
58.9482||1||12||7||40||1||
45.329||1||0||9||20||1||
82.126||1||0||9||100||0||
186.289||1||0||9||100||1||
235.95||1||0||9||30||1||
130.71||0||0||9||100||1||
130.81||0||0||9||100||1||
38.983||1||0||9||70||0||
38.9798||1||8||7||70||0||
49.0179||1||0||9||16||0||
23.8357||1||0||9||40||0||
223.332||1||0||9||49||0||
85.1719||1||0||9||32||0||
23.8633||1||9||7||76||1||
176.389||0||0||9||100||1||
57.9373||1||14||7||69||0||
95.574||1||0||9||100||1||
106.202||1||0||9||20||1||
50.16||1||8||7||49||1||
90.2227||0||10||7||20||0||
138.924||1||0||9||50||0||
140.202||0||15||7||100||1||
135.864||0||6||7||17||1||
234.228||1||0||9||49||0||
167.299||1||15||7||90||1||
82.3165||1||0||9||100||0||
149.9||1||0||9||80||0||
241.381||1||0||9||30||0||
25.3314||1||13||6||90||1||
317.235||0||0||9||70||1||
65.6667||1||0||9||60||0||
113.224||0||4||7||55||0||
157.464||1||14||7||90||0||
137.565||1||0||9||15||1||
127.635||0||0||9||89||1||
33.5464||1||0||9||1||0||
162.505||0||0||9||100||1||
240.945||0||0||9||100||1||
220.236||0||15||6||100||1||
112.398||1||0||9||10||0||
120.547||1||8||6||30||0||
236.597||0||0||9||97||1||
180.263||1||0||9||80||0||
93.3419||1||11||7||50||1||
39.7388||1||0||9||100||0||
68.4206||0||0||9||60||0||
118.674||1||0||9||90||1||
85.2451||1||0||9||50||0||
369.025||0||0||9||100||1||
93.7183||1||0||9||50||1||
137.483||0||0||9||100||1||
202.489||1||0||9||10||0||
90.4591||1||0||9||10||0||
131.922||1||14||7||100||0||
202.773||1||0||9||30||0||
126.168||1||0||9||99||0||
150.388||0||15||7||100||1||
33.593||1||0||9||100||0||
88.7455||1||0||7||11||1||
55.9503||1||0||9||90||1||
245.559||0||0||9||100||1||
88.1383||1||0||9||40||1||
42.84||1||0||9||13||0||
55.2452||1||12||7||97||0||
159.156||0||0||9||100||0||
26.2979||1||1||7||56||0||
30.0472||1||0||9||20||0||
49.451||1||0||9||28||0||
97.7268||1||0||9||39||0||
176.337||1||0||9||30||0||
166.578||1||0||9||10||0||
36.3134||1||8||8||83||0||
101.475||1||0||9||70||0||
60.687||1||0||9||70||0||
82.6146||1||0||9||80||0||
233.133||1||5||8||59||0||
136.651||1||0||9||15||0||
302.615||0||15||6||100||1||
103.159||1||0||9||100||0||
91.2642||1||0||9||60||0||
137.711||1||0||9||10||1||
152.634||1||14||7||90||0||
186.092||0||0||9||100||1||
77.8325||1||0||9||52||0||
112.855||1||7||6||10||0||
135.043||1||14||7||100||0||
23.4024||1||11||8||97||0||
142.69||1||0||9||50||0||
76.404||1||0||9||57||0||
336.598||0||0||9||100||1||
86.442||1||10||7||20||0||
269.7||0||0||9||69||0||
31.0824||1||11||7||30||0||
83.2255||1||13||7||70||1||
242.641||0||0||9||100||1||
300.546||0||0||9||100||1||
115.056||1||0||9||90||1||
43.06||1||0||9||70||0||
274.007||0||0||9||100||1||
164.651||1||0||9||69||0||
79.0917||1||0||9||80||0||
118.033||1||6||7||32||0||
110.404||1||0||9||100||0||
205.588||1||0||9||90||0||
178.83||0||0||9||98||1||
37.1189||1||0||9||40||0||
338.597||0||0||9||100||1||
96.7451||1||0||9||40||0||
73.2733||1||0||9||50||0||
40.3886||1||0||9||90||0||
60.598||1||0||9||50||0||
23.1433||1||11||7||29||0||
64.7623||1||14||6||100||0||
95.1919||1||11||6||100||0||
67.6686||1||0||9||72||0||
109.522||1||0||9||100||0||
167.674||1||0||9||69||0||
95.2668||1||0||9||10||1||
167.056||0||5||7||55||0||
167.425||0||0||9||100||1||
125.095||0||0||9||60||0||
64.1214||1||0||9||60||0||
158.186||1||0||9||90||0||
234.923||0||15||7||100||1||
75.9206||1||0||9||10||0||
47.3425||1||0||9||90||0||
62.6761||1||0||9||60||0||
145.425||0||13||7||90||0||
117.663||0||15||7||100||1||
37.7333||1||0||9||50||0||
138.119||1||0||9||80||1||
50.6291||1||0||9||30||0||
105.68||1||0||9||90||1||
78.7383||1||2||7||66||0||
115.735||1||0||9||79||0||
132.262||0||0||9||100||1||
117.801||1||8||7||20||1||
128.071||1||0||9||80||0||
23.797||1||0||9||7||1||
62.1434||1||11||7||87||1||
323.574||0||0||9||100||1||
42.3293||1||0||9||70||0||
220.869||1||0||9||60||0||
81.2343||1||0||9||50||0||
32.6511||1||0||9||70||0||
174.512||1||4||7||9||1||
22.8089||1||15||7||14||1||
110.473||1||0||9||10||0||
266.87||1||0||9||80||0||
76.9571||1||0||9||57||0||
80.2219||1||7||7||39||1||
165.257||0||0||9||40||1||
98.2513||1||0||9||10||1||
38.8903||1||0||9||20||1||
26.435||1||0||9||100||1||
315.924||0||0||9||100||0||
87.7918||1||14||7||100||0||
201.208||0||11||7||90||1||
106.553||0||0||9||90||0||
86.3635||1||0||9||60||0||
52.4262||1||0||9||48||0||
23.1144||1||0||9||100||0||
146.105||1||0||9||15||0||
189.783||1||0||9||100||1||
274.558||0||0||9||100||1||
110.165||1||0||9||60||0||
129.691||1||0||9||100||1||
80.7424||1||13||7||90||1||
143.973||0||0||9||15||1||
388.775||0||0||9||100||1||
324.843||0||0||9||100||1||
94.1362||1||11||6||39||1||
121.01||1||0||9||70||0||
117.342||1||0||9||10||0||
121.823||1||0||9||20||0||
232.549||0||0||9||100||1||
38.5312||1||0||9||10||1||
97.9952||1||0||9||90||0||
110.598||1||8||7||19||0||
23.0156||1||0||9||17||0||
95.3762||1||8||7||60||1||
28.1185||1||0||9||40||0||
62.1508||1||0||9||47||0||
25.4117||1||0||9||17||1||
131.426||1||0||9||80||1||
127.216||1||14||7||90||0||
309.426||0||0||9||100||1||
72.3884||1||0||9||40||0||
290.845||0||15||6||100||1||
29.1571||1||0||9||21||1||
46.4394||1||0||9||79||1||
238.378||0||0||9||60||1||
21.4606||1||12||7||40||0||
178.639||1||0||9||9||0||
24.053||1||13||6||90||0||
114.743||1||9||7||40||0||
189.035||1||0||9||20||1||
23.8287||1||0||9||21||0||
23.7425||1||14||7||80||1||
107.458||1||0||9||19||0||
151.471||0||13||7||90||0||
100.522||1||10||7||19||0||
69.2308||1||8||7||20||1||
120.348||1||0||9||100||1||
27.6752||1||0||9||40||0||
95.0977||1||0||9||50||0||
276.51||0||12||7||70||1||
121.67||1||0||9||100||0||
113.102||1||5||7||22||0||
100.132||0||0||9||84||0||
76.6972||1||0||9||90||0||
268.159||0||12||6||100||0||
117.037||1||9||6||60||0||
122.363||1||0||9||50||0||
98.8196||1||0||9||80||1||
53.0573||1||10||7||80||0||
196.193||1||0||9||30||1||
150.792||0||0||9||100||1||
136.192||1||0||9||94||0||
86.5194||0||0||9||100||1||
105.988||1||0||9||39||0||
111.498||0||0||9||84||1||
69.4579||1||11||7||50||0||
227.541||0||15||7||100||1||
345.382||0||0||9||90||1||
108.569||1||13||7||80||0||
20.1692||1||9||7||17||0||
99.8494||1||7||7||29||1||
122.813||0||0||9||90||0||
90.1979||1||0||7||17||0||
101.32||1||12||7||80||0||
122.521||1||14||7||100||0||
77.6223||1||0||9||100||0||
58.8495||1||0||9||20||0||
255.428||1||0||9||39||0||
75.0266||1||0||9||57||0||
91.8514||1||0||9||50||0||
255.223||1||0||9||50||1||
79.6174||0||0||9||100||1||
181.138||1||7||7||59||0||
60.0429||1||12||7||40||0||
239.377||0||0||9||50||1||
206.261||1||0||9||50||1||
23.5378||1||7||7||9||1||
71.3053||1||0||9||70||0||
127.454||1||13||7||79||0||
56.4469||1||0||9||60||0||
402.058||0||0||9||100||1||
280.994||0||0||9||100||1||
158.202||0||0||9||100||1||
165.935||1||0||9||69||0||
266.921||1||0||9||70||1||
164.593||1||0||9||69||0||
71.9859||1||8||7||30||0||
181.698||1||0||9||9||1||
136.669||0||0||9||100||1||
124.045||1||13||7||100||0||
23.7922||1||0||9||7||0||
135.372||1||0||9||96||0||
69.0897||1||3||7||10||0||
99.5047||1||0||9||90||0||
71.8068||1||0||9||50||0||
91.4632||1||11||6||59||1||
134.898||1||9||7||63||0||
185.232||0||0||9||100||1||
120.887||1||0||9||70||0||
206.923||0||34||7||75||1||
94.342||1||10||7||19||0||
91.1992||1||0||9||99||1||
99.2004||1||0||9||70||0||
196.504||1||0||9||90||1||
133.704||1||0||9||70||0||
226.205||0||15||7||30||1||
70.5082||1||7||7||10||0||
89.675||1||12||6||79||0||
135.991||1||0||9||100||0||
117.596||0||0||9||80||1||
119.275||1||4||7||40||0||
282.413||1||0||9||100||0||
202.767||0||0||9||100||1||
107.54||1||0||9||19||0||
212.232||0||0||9||100||1||
102.683||1||0||9||30||0||
68.952||1||0||9||50||0||
119.875||1||0||9||40||0||
174.719||0||0||9||100||1||
60.8445||1||12||7||87||1||
60.388||0||0||9||10||1||
88.7253||1||0||7||11||0||
43.9357||1||14||7||15||0||
78.1007||1||0||9||57||0||
319.025||0||0||9||100||1||
115.077||1||13||7||80||0||
267.845||0||0||9||70||0||
182.673||1||0||9||100||1||
69.5557||1||13||7||10||1||
84.1592||1||0||9||39||0||
98.8969||1||0||9||90||0||
113.532||1||0||9||10||1||
91.5026||1||0||9||100||0||
289.212||0||0||9||100||1||
274.544||0||0||9||100||1||
124.36||1||8||7||30||1||
183.851||1||15||7||30||1||
126.339||0||9||7||20||0||
27.4474||1||0||9||10||0||
147.26||1||14||7||100||0||
58.9472||0||0||9||30||1||
169.985||0||4||7||17||1||
41.1645||1||0||9||70||0||
260.211||1||0||9||50||1||
89.0588||1||11||7||2||1||
111.971||1||0||9||89||0||
202.535||0||34||7||75||1||
67.167||0||0||9||50||1||
23.2368||1||12||8||97||0||
95.2668||1||0||9||10||1||
104.774||1||0||9||20||0||
125.037||1||0||9||80||0||
144.694||0||0||9||100||1||
124.347||1||0||9||70||0||
64.9101||1||0||9||58||0||
116.003||1||2||7||35||0||
286.345||0||5||7||40||1||
118.003||1||0||9||50||1||
77.3586||1||0||9||30||0||
72.6664||1||8||7||20||1||
74.6584||1||0||9||100||0||
109.655||1||0||9||80||0||
58.4948||1||0||9||70||1||
73.0935||0||15||7||69||1||
69.8877||1||0||9||62||0||
124.953||0||0||9||78||0||
100.239||1||13||7||79||0||
111.732||1||0||9||100||0||
88.8642||1||9||7||20||1||
111.618||1||0||7||15||0||
67.0854||1||0||9||60||0||
140.004||1||0||9||50||0||
105.199||1||0||9||90||0||
100.802||1||10||7||10||0||
77.5199||1||0||9||90||0||
100.442||1||0||9||90||1||
79.5251||1||0||9||80||1||
131.521||0||0||9||100||1||
125.381||1||0||9||68||0||
106.801||1||0||9||100||1||
312.358||0||0||9||100||1||
106.665||1||11||7||30||0||
253.134||1||15||7||10||1||
273.108||0||0||9||69||1||
100.641||1||0||9||19||1||
49.9281||1||0||9||42||0||
133.004||1||10||7||50||0||
134.798||1||9||6||40||1||
102.364||1||0||9||30||0||
97.7135||1||5||7||30||1||
129.015||1||0||9||40||0||
29.1979||1||0||9||11||0||
212.156||0||0||9||100||1||
185.201||0||0||9||100||1||
125.981||0||13||7||89||0||
60.6162||1||12||7||87||1||
92.2752||1||0||9||70||0||
58.3086||1||0||9||100||0||
23.6452||1||10||8||93||0||
101.771||1||0||9||90||1||
52.0115||1||0||9||20||1||
119.528||0||8||7||10||1||
173.02||1||0||9||100||0||
64.4611||1||0||9||90||0||
206.864||1||0||9||90||0||
26.9496||1||13||8||100||0||
43.8902||1||0||9||80||0||
148.536||0||0||9||15||1||
22.3708||1||0||9||70||0||
157.764||1||0||9||95||0||
70.7527||0||3||7||16||1||
20.5278||1||0||9||90||1||
116.379||1||10||7||63||1||
155.276||0||0||9||80||1||
209.469||0||0||9||100||1||
114.4||0||15||7||100||1||
316.149||0||15||7||59||1||
118.689||1||0||9||100||0||
148.794||1||0||9||30||1||
97.0962||1||0||9||70||0||
125.833||1||0||9||100||0||
103.846||1||0||9||80||1||
77.4301||1||0||9||40||0||
73.2775||1||0||9||90||0||
283.11||0||0||9||100||0||
128.449||0||0||9||58||0||
115.999||0||2||7||35||1||
28.3527||1||0||9||40||0||
133.788||1||5||6||60||1||
316.994||0||15||7||90||1||
226.05||0||15||7||59||1||
118.817||1||14||7||90||0||
68.5334||1||0||9||50||0||
358.534||0||0||9||100||1||
63.822||1||0||9||50||0||
127.057||1||8||6||30||1||
125.423||1||12||7||70||1||
35.6288||1||0||9||70||1||
156.556||0||0||9||93||1||
201.544||1||0||9||10||1||
214.779||0||0||9||100||1||
110.856||1||14||7||90||1||
22.9806||1||0||9||100||0||
99.271||0||0||7||15||0||
190.701||0||0||9||100||1||
95.8426||1||0||9||90||1||
143.058||1||0||9||70||0||
182.274||0||0||9||99||0||
256.92||0||0||9||96||0||
104.23||1||0||9||10||0||
81.7205||1||0||9||90||0||
109.537||1||0||9||30||0||
138.793||1||0||9||100||1||
71.4252||1||0||9||20||0||
23.9055||1||9||8||93||0||
114.393||1||6||6||10||1||
211.518||1||0||9||60||0||
132.674||0||0||9||100||0||
27.5723||1||0||9||60||0||
80.1595||1||0||9||20||0||
115.991||1||9||7||50||0||
63.8296||1||0||9||60||0||
37.9414||1||12||7||67||0||
125.586||1||0||9||100||1||
94.2025||1||0||9||22||0||
66.5132||1||0||9||100||0||
46.2427||1||8||7||9||0||
99.6484||1||0||9||10||0||
60.007||1||0||9||50||0||
68.2543||1||8||7||20||0||
68.5416||1||4||7||30||1||
145.008||1||0||9||50||1||
106.238||0||0||9||40||1||
148.718||1||0||9||50||0||
44.1165||1||0||9||17||0||
195.38||1||15||7||30||1||
159.987||1||9||7||50||0||
146.273||0||0||9||80||1||
131.743||1||0||9||10||0||
150.816||1||0||9||50||0||
144.102||0||0||9||99||0||
363.319||0||0||9||90||1||
45.3086||1||0||9||100||0||
114.608||1||4||7||12||0||
89.1857||1||0||9||60||0||
148.665||0||0||9||100||1||
124.981||0||0||9||100||0||
231.472||0||0||9||100||0||
25.2452||1||0||9||20||0||
87.2626||1||0||9||42||0||
146.251||1||0||9||50||0||
98.3409||1||8||7||60||0||
89.5402||1||0||7||11||1||
111.558||1||0||9||70||0||
327.064||0||0||9||100||0||
98.9018||0||0||9||40||1||
71.9388||1||0||9||20||1||
29.3761||1||0||9||100||0||
68.8281||1||7||8||80||1||
155.231||1||0||9||10||0||
113.124||0||0||9||10||1||
32.5213||1||0||9||100||0||
142.936||0||0||9||100||0||
164.439||1||0||9||69||1||
112.169||1||13||7||70||0||
397.384||0||0||9||100||1||
26.1577||1||0||9||21||0||
162.422||0||0||9||15||1||
75.4553||0||0||9||30||1||
138.642||1||0||9||82||0||
54.1757||1||0||9||82||0||
49.0112||1||2||7||20||1||
375.212||1||0||9||100||1||
186.089||1||0||9||20||0||
134.205||1||0||9||70||0||
160.054||0||8||7||40||0||
77.5064||1||5||7||20||0||
122.921||1||0||9||80||1||
63.7432||1||10||7||40||0||
68.0756||0||0||7||15||1||
272.489||0||0||9||100||0||
91.2808||1||0||9||100||0||
105.395||1||0||9||90||0||
89.6997||1||0||9||32||1||
68.6001||1||0||9||72||0||
68.1633||1||0||9||50||0||
209.988||0||0||9||100||1||
21.1771||1||0||9||25||0||
249.525||1||0||9||50||0||
181.247||0||0||9||98||1||
163.335||1||0||9||50||0||
234.081||0||0||9||100||1||
130.334||1||0||9||40||0||
51.5646||1||6||7||10||1||
182.679||1||0||9||50||1||
113.855||1||0||9||90||0||
136.534||0||0||9||100||1||
111.506||1||0||9||40||0||
123.988||1||0||9||20||1||
96.1222||1||0||9||100||1||
51.7411||1||13||7||98||1||
27.3941||1||0||9||7||0||
279.346||0||15||7||59||1||
74.6274||1||0||9||2||1||
73.5078||1||0||9||62||0||
124.42||1||0||9||80||0||
65.4299||1||0||9||72||0||
83.0503||1||0||9||80||1||
39.6015||1||0||9||100||1||
59.1445||1||0||9||30||0||
123.497||1||0||9||40||1||
224.881||1||0||9||69||0||
134.904||1||0||9||30||1||
113.055||1||5||7||22||0||
184.53||1||7||7||59||0||
118.45||0||15||7||100||1||
84.2791||1||0||9||80||1||
206.852||1||0||9||82||0||
39.5888||1||0||9||100||0||
251.648||0||15||6||100||1||
91.86||1||6||8||79||0||
149.469||0||5||7||55||0||
67.7724||1||14||6||89||0||
108.293||0||15||6||89||1||
118.529||0||8||7||10||1||
116.685||1||4||7||12||0||
61.1607||1||0||9||47||1||
246.045||0||15||7||100||1||
61.1928||1||11||7||60||0||
120.516||1||0||9||40||0||
117.565||1||0||9||70||0||
98.2127||1||0||9||90||0||
106.019||1||0||9||20||0||
101.417||1||13||7||69||0||
38.5312||1||0||9||10||1||
215.965||0||9||7||66||1||
20.091||1||9||7||7||1||
146.087||1||11||7||49||0||
23.0153||1||0||9||70||0||
88.4509||1||0||9||39||0||
119.88||1||2||7||2||0||
85.4435||1||0||9||7||1||
105.475||1||0||9||30||0||
80.5696||1||0||9||50||0||
106.17||1||0||9||79||0||
202.009||0||0||9||100||1||
247.815||0||15||7||100||1||
311.442||0||10||7||69||1||
148.673||1||0||9||15||0||
23.2548||1||11||7||29||0||
131.176||1||0||9||100||1||
206.999||0||0||9||100||1||
70.4252||1||14||7||12||1||
111.203||1||7||6||20||0||
45.6465||1||0||9||90||0||
174.29||1||8||7||60||0||
88.261||1||10||7||19||1||
91.7755||1||6||7||50||0||
254.249||0||0||9||100||1||
47.8432||1||0||9||99||0||
53.2361||1||0||9||70||0||
152.01||0||0||9||50||1||
20.5093||1||10||7||17||0||
232.685||0||0||9||100||1||
165.949||1||6||6||60||1||
70.5439||1||0||7||15||1||
37.8715||1||0||9||70||0||
132.702||1||1||7||17||0||
110.344||1||12||7||79||0||
115.921||1||8||7||20||1||
263.878||1||0||9||50||0||
40.3404||1||0||9||50||0||
69.953||1||0||9||100||0||
80.1686||1||14||7||10||1||
235.827||0||0||9||80||1||
176.194||1||0||9||90||0||
181.201||0||0||9||100||1||
244.492||0||0||9||100||1||
40.7251||1||0||9||42||1||
150.005||0||0||9||90||1||
133.131||0||0||9||100||0||
211.093||0||0||9||100||1||
105.252||1||0||9||40||1||
63.759||1||0||9||9||0||
227.46||0||0||9||80||1||
27.7258||1||0||9||100||0||
88.8311||1||0||9||69||0||
328.496||0||9||7||66||1||
181.739||1||0||9||50||0||
141.155||1||8||6||30||0||
73.7112||1||0||9||60||0||
77.472||1||14||7||10||1||
94.7036||0||0||9||20||1||
85.5594||1||0||9||40||1||
122.632||1||0||9||68||0||
124.553||0||9||7||69||0||
140.739||1||0||9||70||0||
69.4905||1||0||9||32||0||
50.3082||1||0||9||70||1||
36.7281||1||11||6||70||0||
118.365||1||10||7||19||0||
250.153||1||0||9||69||0||
70.0764||1||0||9||90||0||
152.29||1||0||9||100||1||
129.976||1||5||7||40||0||
210.433||0||0||9||100||1||
22.0025||1||11||7||79||0||
105.173||1||0||9||49||1||
323.258||0||0||9||100||1||
83.4175||1||0||9||100||0||
242.943||0||0||9||100||1||
99.5339||1||0||9||70||0||
30.8147||1||12||6||80||0||
51.9383||1||7||7||60||0||
105.09||1||10||7||50||0||
98.1434||1||0||9||60||0||
38.7688||1||13||7||99||0||
195.504||0||4||7||17||1||
127.46||0||8||7||10||1||
78.1324||1||0||9||89||0||
118.472||1||12||7||12||0||
188.747||1||0||9||50||0||
114.023||1||0||9||80||0||
221.269||0||0||9||100||1||
115.886||1||8||7||20||0||
234.206||1||0||9||90||0||
33.7985||1||8||8||83||0||
64.2194||1||12||7||40||1||
54.2963||1||13||7||97||0||
157.369||1||0||9||100||0||
183.66||1||0||9||50||0||
107.1||1||0||9||60||0||
218.522||0||0||9||100||1||
68.4558||1||8||7||20||1||
30.1754||1||0||9||70||1||
172.611||0||0||9||40||1||
235.114||0||0||9||100||1||
50.8717||1||0||9||88||0||
147.526||0||0||9||40||0||
212.62||0||15||7||30||1||
222.7||1||0||9||30||0||
229.025||0||0||9||100||1||
309.544||0||0||9||100||1||
124.391||1||0||9||55||1||
157.519||1||0||9||10||0||
114.919||1||0||9||70||0||
58.5254||1||13||7||98||1||
169.523||0||0||9||69||1||
58.6375||1||0||9||50||0||
236.327||0||0||9||69||1||
51.2996||1||0||9||15||0||
67.9044||1||12||7||40||0||
317.357||1||10||7||69||0||
190.534||1||0||9||30||0||
66.2263||1||0||9||90||0||
44.2206||1||0||9||18||0||
53.8744||1||0||9||90||1||
105.455||1||0||9||90||0||
91.8916||1||11||7||50||0||
115.074||0||0||9||70||0||
232.219||0||0||9||100||1||
121.009||1||10||7||50||0||
152.905||1||0||9||50||0||
164.55||0||13||7||90||1||
51.5073||1||0||9||60||0||
65.0137||1||0||9||60||0||
45.7171||1||6||7||29||0||
54.4722||0||11||7||30||0||
183.713||1||0||9||50||0||
165.531||0||0||9||58||1||
92.8553||1||0||7||56||0||
104.166||1||0||9||20||0||
347.714||0||0||9||100||1||
97.6041||0||5||7||30||1||
54.0535||0||0||9||30||1||
26.7375||1||8||7||9||0||
64.4647||1||0||9||90||0||
23.2026||1||0||9||70||0||
124.623||1||0||9||70||0||
158.847||1||14||7||30||1||
92.8883||1||14||7||100||1||
71.3944||1||3||7||30||1||
29.5721||1||10||7||90||0||
235.314||1||0||9||58||0||
120.722||1||0||9||69||1||
97.2193||1||0||9||40||0||
23.8736||1||8||7||9||1||
227.273||1||0||9||70||1||
39.1185||1||0||9||40||0||
136.842||0||0||9||100||1||
111.462||1||0||9||60||1||
153.742||0||15||7||100||1||
209.369||0||0||9||100||1||
115.644||1||0||9||60||0||
57.3043||1||0||9||48||0||
267.851||0||0||9||100||1||
111.772||1||0||9||70||1||
67.7479||1||0||9||100||0||
75.4895||1||0||9||87||0||
107.385||1||0||9||60||1||
126.54||1||13||7||79||1||
48.7944||1||0||9||79||0||
200.347||1||0||9||60||0||
119.949||1||0||9||70||1||
324.886||0||0||9||100||1||
51.2145||1||0||9||27||0||
80.6723||1||0||9||84||0||
96.2321||1||0||9||60||1||
115.416||1||10||7||63||0||
31.5621||1||13||7||89||0||
116.052||1||0||9||100||1||
262.022||0||0||9||100||0||
103.908||1||0||9||40||1||
194.918||1||0||9||50||0||
398.133||0||0||9||100||0||
257.618||0||0||9||100||1||
137.196||0||8||7||70||1||
204.176||0||34||7||75||1||
87.4903||1||0||9||69||0||
105.338||1||0||9||50||1||
109.884||1||0||9||30||0||
243.605||1||0||9||69||1||
291.728||1||0||9||100||0||
167.961||1||0||9||50||0||
186.078||1||0||9||96||1||
50.5592||1||0||9||42||1||
155.799||1||0||9||15||0||
137.854||1||0||9||90||0||
121.581||0||0||9||90||0||
52.9087||1||0||9||60||0||
79.2928||1||7||8||79||0||
134.877||1||0||9||80||0||
273.603||0||0||9||100||1||
26.0656||1||11||7||79||0||
66.9879||0||0||9||60||0||
115.19||1||8||7||40||0||
128.713||1||0||9||70||0||
115.198||1||10||7||20||0||
80.4948||1||0||9||60||0||
67.1916||1||11||7||40||0||
88.1358||1||0||9||60||0||
168.861||0||0||9||50||1||
193.953||1||0||9||90||0||
45.3728||1||0||9||17||0||
105.652||1||0||9||90||0||
92.4849||1||13||7||80||1||
167.576||0||0||9||99||0||
115.709||1||8||7||20||1||
124.481||1||0||9||80||0||
317.142||0||0||9||70||0||
182.907||0||0||9||100||1||
54.572||1||0||9||60||0||
130.757||0||0||9||100||1||
92.5765||1||0||9||50||1||
81.1955||1||0||9||80||1||
108.617||1||0||9||10||0||
89.4608||1||0||9||59||0||
44.7446||1||10||7||77||0||
160.843||1||15||7||90||1||
32.9558||1||1||7||56||0||
196.815||1||6||7||57||0||
54.5212||1||13||7||98||0||
132.849||0||12||7||50||0||
53.5448||1||14||7||12||0||
76.735||1||0||9||90||0||
108.992||1||0||9||30||0||
113.904||0||0||9||10||0||
23.324||1||0||9||10||0||
106.851||1||8||7||19||0||
149.409||0||0||9||100||1||
101.8||1||0||9||30||0||
43.5713||1||0||9||100||0||
130.909||1||1||7||17||1||
112.778||1||13||7||90||0||
139.511||1||0||9||60||1||
20.0641||1||9||7||6||0||
68.9081||1||13||7||90||0||
300.458||1||0||9||50||1||
166.554||1||0||9||9||0||
203.881||1||0||9||100||0||
71.8765||1||0||9||79||0||
33.1907||1||0||9||70||0||
232.844||0||15||7||30||1||
44.5259||1||0||9||70||1||
170.284||1||0||9||30||0||
91.5883||1||0||9||60||0||
48.349||1||0||9||100||0||
99.2276||1||3||7||17||0||
49.7072||1||0||9||40||0||
109.555||0||0||9||84||0||
118.001||1||0||9||10||0||
189.273||0||7||7||40||0||
161.506||1||9||7||40||1||
120.127||1||0||9||9||1||
342.549||0||0||9||100||1||
312.978||0||0||9||100||1||
51.3619||1||0||9||20||1||
79.188||1||0||7||54||1||
75.5657||1||0||9||60||0||
256.599||0||0||9||100||1||
120.737||1||0||9||10||0||
112.837||1||5||7||22||0||
73.7316||1||0||9||39||0||
75.701||1||0||9||90||0||
61.9028||1||0||9||8||1||
275.911||0||0||9||100||0||
27.301||1||14||6||90||0||
155.782||1||0||9||70||1||
99.8757||0||8||7||10||1||
76.2747||1||13||7||50||1||
162.582||1||0||9||98||0||
67.1046||1||0||9||50||0||
99.0525||0||5||7||30||0||
210.493||0||15||6||100||1||
99.1122||1||0||9||10||0||
44.6683||1||0||9||70||0||
162.849||0||0||9||40||0||
41.7352||1||0||9||90||0||
206.677||0||4||7||17||1||
20.6166||1||11||7||89||0||
113.942||1||0||9||100||0||
405.29||0||0||9||100||0||
118.28||0||8||7||10||1||
110.244||1||0||9||30||0||
56.7576||1||0||9||47||0||
119.288||1||0||9||40||0||
155.704||1||7||6||30||0||
65.9837||0||0||9||50||0||
37.0053||1||0||9||48||1||
255.723||1||0||9||50||1||
262.545||0||0||9||100||1||
136.675||0||0||9||100||1||
40.6403||1||9||7||80||0||
193.457||1||0||9||30||0||
76.3279||1||0||9||57||0||
266.72||1||0||9||39||0||
289.605||0||0||9||80||1||
100.399||1||0||9||40||0||
105.491||1||0||9||80||1||
41.3896||1||0||9||100||0||
279.36||1||0||9||100||0||
107.974||1||0||9||89||0||
168.693||1||15||7||100||1||
185.435||0||0||9||100||1||
333.92||0||0||9||100||1||
21.1444||1||12||7||50||0||
156.483||1||0||9||96||1||
176.171||0||0||9||50||0||
388.663||0||0||9||100||1||
118.036||0||0||9||100||1||
93.8892||1||0||9||100||1||
111.462||1||0||9||10||1||
24.2424||1||9||8||93||0||
105.391||0||0||9||70||0||
105.433||1||0||9||100||0||
124.002||1||0||9||78||0||
133.685||0||14||7||90||1||
55.5824||1||0||9||48||0||
153.03||0||0||9||40||1||
143.838||1||0||9||70||0||
158.42||1||4||7||29||0||
86.1573||1||0||9||42||0||
79.0751||1||14||6||89||0||
51.7314||1||0||9||14||0||
182.037||1||0||9||80||0||
106.268||1||4||7||55||0||
161.775||1||8||7||61||0||
185.752||0||0||9||97||0||
81.5807||1||0||9||70||0||
70.1123||1||8||7||20||0||
57.7643||1||12||7||97||1||
97.409||1||1||7||35||0||
186.146||1||0||9||80||0||
124.69||1||0||9||100||1||
93.9038||1||13||7||70||0||
39.0714||1||0||9||20||0||
118.45||0||15||7||100||1||
81.3947||1||7||7||39||0||
73.5372||1||0||9||10||1||
137.82||1||0||9||40||1||
313.29||0||0||9||50||1||
172.43||1||0||9||98||0||
157.57||1||14||7||90||1||
51.8589||1||13||7||98||0||
139.017||1||0||9||99||0||
134.79||1||0||9||95||0||
96.4761||1||0||9||90||0||
190.26||1||0||9||50||0||
215.649||0||0||9||90||1||
154.439||0||0||9||90||1||
125.253||1||0||9||20||1||
183.509||1||0||9||90||0||
64.4561||0||3||7||17||1||
131.391||1||14||7||99||1||
218.39||0||0||9||100||1||
63.8545||1||0||9||78||0||
209.561||1||0||9||50||0||
88.6349||1||0||7||11||0||
107.498||1||0||9||10||0||
100.982||0||0||9||100||1||
128.732||1||9||7||20||0||
123.723||1||0||9||10||0||
58.4758||1||0||9||80||0||
99.7409||0||0||9||100||1||
43.5563||1||0||9||70||0||
109.582||1||0||9||90||0||
182.263||0||0||9||58||0||
220.155||0||0||9||82||1||
21.681||1||11||7||39||0||
49.9737||1||8||7||9||1||
147.428||0||0||9||50||0||
295.546||0||0||9||100||1||
119.169||1||0||9||12||0||
123.917||0||0||9||100||1||
154.143||1||0||9||40||1||
162.751||1||14||7||100||1||
123.877||1||0||9||40||0||
120.309||1||14||7||90||0||
66.1784||1||0||9||72||0||
83.0165||1||0||7||22||0||
224.767||0||0||9||50||1||
132.495||1||7||7||29||0||
81.4701||1||0||9||10||1||
182.801||1||8||7||50||1||
325.442||0||13||7||12||0||
78.8104||1||0||9||90||0||
221.866||0||0||9||100||1||
171.18||0||8||7||42||1||
177.616||1||0||9||90||1||
76.6891||1||0||9||90||0||
80.9807||1||0||9||90||0||
23.9587||1||0||9||20||1||
99.4416||1||1||7||25||0||
31.514||1||0||9||40||0||
235.339||0||0||9||90||1||
237.142||0||0||9||69||1||
147.519||1||0||9||70||0||
97.5229||1||2||7||66||0||
142.762||0||0||9||100||1||
252.236||0||0||9||100||0||
230.467||1||0||9||50||0||
186.898||1||0||9||70||0||
214.822||1||0||9||90||0||
250.984||0||15||6||100||1||
23.2864||1||0||9||80||0||
230.896||0||7||7||50||0||
77.8243||1||0||9||50||0||
45.2775||1||9||7||80||1||
74.5162||1||0||9||60||0||
41.0766||1||0||9||100||0||
126.762||1||0||9||60||0||
124.948||1||0||9||78||0||
244.541||0||15||7||100||1||
38.4947||1||13||7||67||0||
29.1611||1||13||7||67||0||
172.466||1||0||9||90||0||
46.6685||1||13||8||100||1||
80.715||1||14||6||89||0||
121.659||0||0||9||20||1||
161.015||0||0||9||98||1||
167.723||1||0||9||50||0||
230.578||0||0||9||100||1||
387.752||0||0||9||100||1||
121.318||0||0||9||100||1||
154.004||1||0||9||82||1||
172.758||1||0||9||90||1||
191.827||0||0||9||100||1||
35.364||1||0||9||23||0||
84.3851||1||0||9||69||0||
338.291||0||0||9||100||0||
88.8905||1||0||9||20||0||
166.586||1||14||7||30||1||
62.6272||1||0||9||79||0||
184.296||1||0||9||80||0||
38.1669||1||0||9||90||0||
200.413||1||0||9||50||0||
74.0111||1||12||7||40||0||
100.253||1||3||7||17||1||
114.643||1||0||9||100||1||
233.315||0||11||7||100||1||
61.1289||1||11||7||87||0||
35.1124||1||0||9||22||1||
144.958||1||14||7||90||0||
23.6244||1||11||8||97||0||
23.8403||1||0||9||20||0||
32.8022||1||0||9||23||0||
227.506||0||0||9||100||1||
96.0202||1||8||7||10||1||
68.4262||1||9||7||30||0||
23.9292||1||10||8||93||0||
53.0035||1||0||9||39||0||
54.9911||1||0||9||80||0||
95.2658||1||0||9||19||0||
49.8234||1||10||7||60||0||
91.4548||1||5||6||60||0||
77.8286||1||0||9||7||1||
99.3902||1||13||7||79||0||
125.843||1||0||9||60||0||
175.752||1||6||6||60||1||
70.7017||1||8||7||30||0||
247.131||0||0||9||100||1||
37.5555||1||0||9||50||1||
169.164||0||8||7||10||1||
92.495||1||11||7||50||0||
390.524||0||0||9||100||0||
340.123||0||0||9||100||1||
107.02||1||11||7||50||0||
32.0187||1||13||7||67||0||
70.6079||1||0||9||80||0||
118.422||1||0||7||15||0||
106.694||1||0||9||100||1||
130.571||0||15||7||15||1||
61.682||1||0||9||20||0||
239.601||0||7||7||60||0||
55.3792||1||10||7||40||0||
26.6833||1||2||7||10||1||
60.0056||1||0||9||27||0||
26.0984||1||13||6||90||0||
240.389||0||0||9||100||1||
23.934||1||13||7||5||1||
22.5873||1||0||9||17||0||
40.2771||1||0||9||80||0||
93.5773||1||0||9||12||0||
99.1582||1||12||7||80||0||
63.0987||1||0||9||30||1||
164.76||0||9||7||40||0||
165.667||1||0||9||70||0||
130.265||0||0||9||100||1||
119.369||1||0||9||90||0||
98.8514||1||0||9||100||1||
85.3808||1||0||9||19||0||
177.032||0||0||9||100||1||
119.675||1||0||9||100||1||
100.734||1||0||9||40||1||
159.239||0||0||9||100||1||
127.922||1||6||7||29||1||
128.012||0||13||7||12||1||
23.797||1||0||9||7||1||
26.2623||1||0||9||17||0||
111.827||1||6||7||22||0||
147.278||1||0||9||90||0||
173.579||0||0||9||50||1||
113.615||1||0||9||90||0||
120.743||1||13||7||90||0||
262.858||0||0||9||100||1||
137.63||1||0||9||70||0||
143.665||0||7||7||37||0||
143.191||1||0||9||50||1||
118.277||1||0||9||40||0||
187.135||1||0||9||50||0||
61.4132||1||0||9||90||1||
177.99||0||0||9||92||0||
78.4477||1||0||9||37||1||
116.293||1||0||9||60||1||
107.426||1||9||7||39||0||
74.819||1||0||9||60||1||
24.5062||1||0||7||17||1||
21.149||1||12||7||39||0||
184.21||1||0||9||100||0||
216.808||0||0||9||100||1||
31.1568||1||0||9||11||1||
90.022||1||0||9||80||0||
75.7866||1||0||9||80||0||
22.9632||1||0||7||15||1||
132.318||1||0||9||100||0||
113.273||1||7||6||10||0||
114.052||0||15||7||100||1||
139.187||1||0||9||70||0||
81.8465||1||0||9||30||1||
55.9833||1||0||9||28||0||
180.9||0||15||7||100||1||
138.678||1||0||9||10||1||
147.753||0||0||9||50||1||
205.548||1||0||9||100||0||
219.277||0||0||9||100||1||
93.2524||0||0||9||84||1||
164.957||0||0||9||100||1||
31.474||1||9||8||83||0||
72.9189||1||0||9||90||0||
169.27||0||0||9||93||0||
65.8014||0||0||9||70||0||
240.509||0||14||7||100||0||
95.8196||1||0||9||50||0||
157.946||1||0||9||50||0||
62.9989||1||0||9||70||1||
66.2189||1||0||9||90||0||
289.572||0||0||9||100||0||
35.1821||1||0||9||50||0||
125.137||0||14||7||59||0||
65.1154||1||0||9||100||0||
248.021||0||0||9||100||1||
100.907||1||4||7||20||0||
272.734||0||0||9||100||1||
319.185||0||0||9||100||1||
132.154||1||13||7||99||1||
286.661||0||0||9||100||1||
173.188||1||0||9||50||1||
66.4459||1||0||9||60||0||
243.699||1||0||9||90||0||
150.463||0||0||9||40||1||
169.289||1||2||6||30||1||
232.686||0||0||9||97||1||
69.9766||0||14||7||90||0||
220.882||0||7||6||60||1||
71.5401||0||0||9||60||0||
90.6488||1||0||9||84||0||
93.3169||1||0||9||50||0||
188.961||0||0||9||99||0||
65.3522||1||0||9||20||0||
137.955||1||0||9||72||1||
195.918||1||0||9||20||0||
77.3087||1||0||9||100||0||
54.5234||1||6||7||10||0||
251.922||0||0||9||100||1||
138.882||0||0||9||100||1||
48.8444||1||0||9||78||0||
53.1877||1||0||9||30||1||
98.1958||1||0||9||40||0||
143.113||1||0||9||94||0||
166.887||0||0||9||100||1||
202.487||1||0||9||10||1||
104.129||1||0||9||58||0||
78.4566||1||0||9||100||0||
139.426||1||0||9||50||1||
96.8294||1||0||9||40||1||
187.808||1||0||9||80||0||
77.797||1||0||9||20||0||
94.3884||1||8||7||60||1||
120.853||1||0||9||100||0||
136.876||0||0||9||100||1||
43.4655||1||0||9||100||0||
104.884||1||0||9||49||0||
89.3192||1||0||9||2||1||
137.03||0||12||7||90||0||
90.8045||1||12||7||69||0||
30.5896||1||0||9||58||0||
111.625||1||0||9||40||0||
90.3626||1||12||6||79||0||
253.689||0||0||9||50||1||
103.982||1||4||7||55||1||
137.904||1||13||7||80||1||
172.257||0||0||9||90||1||
141.981||1||1||7||17||0||
92.3828||1||3||7||20||0||
66.5183||1||10||7||69||0||
52.5455||1||13||7||97||1||
168.906||0||0||9||98||0||
362.057||0||0||9||100||1||
86.7992||1||0||9||90||0||
56.8011||1||0||9||18||0||
91.9159||1||11||6||70||1||
40.8017||1||0||9||90||1||
43.9425||1||0||9||90||0||
151.821||0||15||7||100||1||
158.394||0||0||9||100||0||
115.61||1||6||7||40||0||
167.084||1||0||9||10||1||
102.574||1||14||7||100||0||
92.0005||1||0||9||40||0||
127.564||0||9||7||50||0||
259.872||0||4||8||59||1||
35.5249||1||0||9||19||0||
119.462||1||3||7||2||0||
106.734||1||0||9||20||1||
148.929||1||0||9||10||0||
303.003||0||0||9||100||1||
130.119||0||0||9||20||1||
223.176||0||0||9||100||1||
75.6456||1||0||9||62||0||
72.5211||1||0||9||37||1||
181.011||1||0||9||50||0||
75.0834||1||0||9||100||0||
231.625||0||0||9||100||1||
132.421||1||0||9||30||1||
72.0544||1||0||9||70||0||
141.073||1||7||7||32||0||
104.522||1||6||8||59||0||
30.1102||1||13||8||100||0||
78.3017||1||11||7||50||1||
72.6454||1||0||9||20||1||
130.95||1||9||6||40||0||
97.2846||1||0||9||100||1||
107.925||0||0||9||70||1||
106.369||1||0||9||90||0||
78.924||1||0||9||60||0||
93.0716||1||10||6||70||0||
143.972||1||0||9||50||0||
95.8349||1||10||7||64||0||
147.008||1||5||7||29||0||
103.669||1||7||7||29||0||
292||0||0||9||100||0||
65.0058||1||0||9||100||0||
72.8917||1||12||7||40||1||
261.261||0||0||9||100||1||
120.863||1||2||7||2||1||
92.0073||1||0||9||30||0||
66.4868||1||0||9||27||1||
135.707||1||0||9||10||0||
69.4869||1||0||9||80||0||
128.84||1||8||6||40||0||
83.2255||1||13||7||70||1||
80.798||1||0||9||7||0||
114.188||1||0||9||70||0||
198.903||1||0||9||82||1||
62.4113||1||0||9||60||0||
44.4791||1||10||6||60||0||
131.666||1||0||9||30||1||
190.931||0||0||9||100||1||
59.3488||1||0||9||100||0||
113.045||1||13||7||90||0||
71.0892||1||0||9||60||0||
128.328||1||0||9||60||0||
130.478||1||0||9||20||1||
23.3282||1||10||7||29||0||
92.6121||1||11||7||50||1||
148.231||1||0||9||100||0||
108.915||1||13||7||80||0||
283.842||0||0||9||100||0||
234.267||0||11||7||100||0||
218.967||0||0||9||100||1||
262.311||1||0||9||100||1||
131.464||1||0||9||20||0||
69.328||1||10||7||69||0||
213.152||0||0||9||100||1||
94.2672||1||0||9||50||0||
308.319||0||0||9||100||1||
71.2402||1||0||9||62||0||
86.6641||1||0||9||69||0||
32.6371||1||0||9||68||0||
60.4378||0||0||9||70||0||
131.96||1||0||9||70||0||
26.1632||1||9||7||80||0||
275.953||0||0||9||100||1||
87.5978||1||12||6||79||0||
405.811||0||0||9||100||0||
95.9961||1||0||9||90||0||
144.303||0||0||9||60||1||
259.017||0||0||9||100||1||
140.882||1||4||7||40||0||
38.3592||1||10||7||90||0||
94.6318||1||0||9||100||0||
223.433||0||0||9||100||1||
114.253||0||0||9||80||1||
121.081||1||0||9||30||0||
164.273||0||14||7||90||1||
84.6345||1||0||9||70||0||
21.9933||1||0||9||100||1||
27.3294||1||10||7||76||0||
212.135||1||0||9||49||0||
73.3568||1||0||9||30||0||
59.1753||1||13||7||49||0||
162.111||1||0||9||50||0||
133.167||0||0||9||99||0||
100.356||1||0||9||40||1||
90.1687||1||0||7||11||1||
178.893||1||8||7||50||1||
124.652||0||0||9||90||1||
116.35||1||0||9||60||0||
163.092||1||5||6||60||0||
76.6155||1||0||9||52||0||
230.413||0||7||6||10||1||
145.587||1||11||7||49||1||
83.1211||1||0||9||42||0||
94.3701||1||0||9||100||0||
145.866||0||0||9||60||1||
159.616||0||0||9||80||1||
123.509||1||0||9||50||0||
105.451||1||0||9||100||0||
139.576||0||6||7||17||1||
145.271||0||0||9||15||1||
65.8272||1||9||7||30||0||
85.3237||1||0||9||42||0||
169.512||1||0||9||50||0||
105.226||1||9||7||40||0||
41.8847||1||0||9||50||1||
112.402||1||4||7||45||0||
71.7093||1||0||9||90||0||
33.203||1||12||7||89||1||
33.0184||1||0||9||100||1||
58.8627||1||0||9||30||0||
23.9516||1||10||8||95||0||
106.013||1||10||7||64||0||
203.682||1||0||9||60||0||
275.953||0||0||9||100||1||
68.1835||1||0||9||9||0||
69.3292||1||9||7||30||0||
175.752||1||14||7||30||0||
35.1068||1||12||7||89||0||
340.218||0||0||9||100||1||
88.9048||1||0||9||89||0||
179.278||1||0||9||90||0||
203.091||0||15||6||100||1||
231.416||0||11||7||100||1||
102.99||0||0||9||60||1||
47.2492||1||0||9||70||0||
161.568||0||0||9||50||1||
101.448||1||0||9||70||0||
162.067||1||2||6||30||0||
187.449||1||0||9||96||0||
180.439||1||0||9||70||0||
232.004||0||0||9||80||1||
40.1804||1||0||9||42||1||
69.1153||1||0||9||52||0||
297.976||0||0||9||100||1||
184.403||1||0||9||30||0||
88.1387||1||10||7||65||0||
201.196||0||0||9||84||1||
269.422||0||0||9||100||1||
105.863||0||10||7||20||1||
96.6928||1||0||9||90||0||
118.465||1||0||9||10||0||
43.7516||1||0||9||100||0||
244.736||1||0||9||30||1||
95.8584||1||10||7||50||0||
120.365||1||0||9||90||1||
135.632||1||7||7||57||0||
203.787||0||0||9||50||1||
23.934||1||13||7||5||1||
90.8646||1||0||9||90||0||
82.279||1||0||9||50||0||
115.097||1||11||7||20||0||
117.178||0||8||7||10||1||
115.744||1||0||9||10||0||
61.4942||1||0||9||20||0||
85.8349||0||0||9||9||0||
39.0711||1||0||9||42||0||
85.3878||1||13||6||79||0||
125.055||1||0||9||100||0||
113.681||1||3||7||45||0||
231.992||1||0||9||30||0||
415.395||0||0||9||100||0||
24.4864||1||13||6||90||0||
38.7668||1||0||9||70||0||
23.2034||1||12||8||97||1||
132.43||0||0||9||100||1||
124.689||1||0||9||90||0||
160.762||1||0||9||70||0||
245.371||1||0||9||39||0||
106.066||0||0||9||30||0||
84.7665||1||0||9||60||0||
99.7006||1||6||7||30||0||
121.013||0||0||9||19||1||
72.4782||1||11||7||66||1||
73.4939||1||0||9||7||0||
90.6718||1||11||7||60||0||
30.2775||1||0||9||80||0||
336.566||0||8||7||29||0||
319.687||0||0||9||100||1||
33.8404||1||0||9||13||0||
125.052||0||0||9||90||1||
145.851||0||0||9||100||1||
71.7551||1||14||7||12||0||
94.9189||1||0||9||60||0||
271.736||0||0||9||100||0||
34.9577||1||0||9||100||0||
109.591||1||0||9||89||0||
75.9417||1||0||9||19||0||
161.624||1||0||9||10||0||
223.607||0||0||9||100||1||
144.835||1||0||9||80||0||
225.032||0||0||9||50||1||
81.2715||1||6||7||29||1||
62.3346||1||11||7||87||0||
302.345||0||0||9||100||1||
82.9484||1||0||9||100||0||
126.385||1||9||7||20||0||
111.431||1||0||9||40||1||
179.612||1||0||9||50||0||
48.1776||1||0||9||17||0||
23.727||1||9||7||66||1||
87.2679||1||0||9||100||0||
64.4596||1||0||9||20||1||
193.82||1||0||9||100||0||
112.238||1||6||7||22||0||
89.9228||0||13||7||60||0||
208.863||0||0||9||100||1||
37.4579||1||0||9||48||0||
206.738||1||0||9||20||1||
54.9813||1||0||9||90||0||
202.649||1||0||9||20||0||
85.36||1||0||9||100||0||
127.386||1||8||6||40||0||
56.6016||1||8||7||9||0||
169.251||0||2||6||10||1||
160.443||0||0||9||40||1||
119.257||1||0||9||70||1||
93.8087||0||0||9||20||0||
49.8526||1||0||9||80||0||
84.3306||1||0||9||42||0||
76.6452||1||0||9||32||0||
83.2255||1||13||7||70||1||
67.2308||1||9||7||30||0||
33.142||1||14||6||90||1||
61.7335||1||0||9||90||0||
245.978||1||0||9||100||0||
51.7332||1||0||9||100||0||
89.9665||1||0||9||70||0||
47.4675||1||0||9||48||0||
70.1465||1||0||9||5||0||
142.043||1||0||9||20||1||
51.6416||1||14||6||100||1||
50.2764||1||10||7||40||1||
301.15||0||0||9||69||1||
46.8625||1||0||9||48||1||
105.178||1||3||7||18||0||
149.503||0||9||7||10||0||
23.797||1||0||9||7||1||
200.304||1||0||9||30||0||
52.7106||1||13||8||100||0||
145.369||1||0||9||50||1||
196.864||1||0||9||70||0||
57.098||1||0||9||50||0||
61.5531||1||0||9||90||1||
72.8035||1||0||9||100||0||
151.94||0||0||9||100||1||
22.6364||1||11||8||96||0||
104.693||1||0||9||100||0||
265.65||0||0||9||100||1||
115.461||0||0||7||15||1||
86.9239||1||0||9||50||0||
166.627||1||0||9||10||1||
79.1704||1||0||7||54||0||
288.246||0||0||9||80||1||
24.8404||1||0||9||12||0||
150.714||0||0||9||100||0||
23.5923||1||11||8||96||0||
45.6416||1||10||7||77||1||
58.6055||1||12||7||97||0||
174.99||0||0||9||100||1||
113.779||0||0||9||19||1||
116.344||1||15||7||89||1||
138.892||1||9||6||40||1||
106.225||1||0||9||90||0||
105.587||1||0||9||90||0||
341.094||0||0||9||90||1||
127.19||1||0||9||100||1||
248.561||0||0||9||100||1||
107.21||1||0||9||90||0||
113.201||1||0||9||70||0||
58.5314||1||0||9||90||0||
88.5053||1||0||9||60||0||
